Params: 	576
Performance: 	0.9746739101900629
Term	Coefficient	Standard Error	p-value	95% CI lower	95% CI upper
Intercept	8.92238399002197
1	0.024228159307084912	0.01359882892628214	0.07481885074579381	-0.029151739489279342	0.07760805810344917
2	-0.046825232722761456	0.013623311531504785	0.0005886944866854439	-0.10030123383765185	0.006650768392128949
3	-0.0010716270606965228	0.013626098909584777	0.9373153756540404	-0.05455856955595311	0.052415315434560066
4	0.09857664653614984	0.0136170371991468	4.622159516909022e-13	0.04512527424982251	0.15202801882247716
5	-0.4465066867826236	0.01366018943329009	2.868588102219498e-230	-0.5001274458524668	-0.3928859277127804
6	0.12070773638918703	0.013624876810450095	8.485005962081932e-19	0.067225591037014	0.17418988174136005
7	-0.27333150329280864	0.0136598854666351	1.7306340105627036e-88	-0.3269510691930511	-0.21971193739256617
8	0.31806638135610954	0.013598726363029503	6.623035315172023e-120	0.2646868851544154	0.37144587755780367
9	-0.006137359012324359	0.013596105171358721	0.6517004843164842	-0.0595065661702434	0.04723184814559468
10	-0.11406275778312298	0.01661973207904856	6.8705721108692335e-12	-0.1793007000509096	-0.04882481551533638
11	-0.23969426222217566	0.013677954102686619	2.0700001436050326e-68	-0.29338475349173093	-0.18600377095262038
12	-0.771217152974808	0.01369195148740728	0.0	-0.8249625886064	-0.7174717173432159
13	-0.17690863876088916	0.013667993424541794	3.2525700785701793e-38	-0.23056003107610093	-0.1232572464456774
14	0.5020464728391718	0.013607404231696955	2.061006211422489e-291	0.44863291313438136	0.5554600325439623
15	-0.8604797132636162	0.013725656382762977	0.0	-0.9143574517510484	-0.8066019747761839
1,2	0.019018828700509277	0.00983186144381824	0.0530724845933905	-0.019574477509599647	0.0576121349106182
1,3	-0.007230143427908828	0.009833469235938357	0.46218777313002124	-0.045829760753564736	0.03136947389774708
1,4	-0.06248449890125432	0.009825482402441786	2.054365454930063e-10	-0.10105276526528983	-0.023916232537218814
1,5	-0.007184120721699966	0.009855162474764076	0.4660255682371155	-0.045868891180714605	0.03150064973731467
1,6	0.005041464374247406	0.009833353015073841	0.6081718048744587	-0.033557696746097036	0.04364062549459185
1,7	0.012965035601901792	0.009848751761232063	0.18804523356078814	-0.025694570687359232	0.051624641891162816
1,8	-0.00988312212401668	0.009822034853662558	0.3143182178575425	-0.04843785571946392	0.02867161147143056
1,9	0.008288011439998438	0.009824750600540008	0.39890817485068	-0.03027738235966644	0.04685340523966332
1,10	-0.022131142643460985	0.010607856926372894	0.036960198954795395	-0.06377048763747922	0.01950820235055726
1,11	0.003228051035885665	0.009910401553703034	0.7446358255507539	-0.03567355106792356	0.04212965313969489
1,12	-0.007938249105824635	0.009907331905707776	0.4229933615696545	-0.04682780182654245	0.030951303614893177
1,13	-0.008555585267976479	0.009902276502284245	0.387593834944824	-0.047425293859130954	0.030314123323177997
1,14	-0.00759189918001435	0.009822431691527864	0.43957916346440995	-0.04614819049526257	0.030964392135233873
1,15	-0.004995461788778882	0.009882739779964877	0.6132301407884518	-0.043788482286725196	0.03379755870916743
2,3	-0.031188751669456033	0.009838279171753951	0.0015251829700830032	-0.06980724958317179	0.0074297462442597245
2,4	0.016703750210293355	0.009830775016546722	0.08930542216556134	-0.02188529141364292	0.05529279183422963
2,5	0.03273366183871576	0.009857722153633645	0.0008992858670247224	-0.005961156205995376	0.0714284798834269
2,6	-0.0023221603328444085	0.009837283689598686	0.8133900127439561	-0.040936750650031835	0.03629242998434302
2,7	0.01738315565917277	0.009851953244863772	0.07766860755959848	-0.021289017511632632	0.05605532882997817
2,8	0.010470470973248547	0.009825281990048949	0.28658320518665575	-0.02809700870589628	0.04903795065239337
2,9	-0.0018130748691188442	0.00983000326738821	0.8536672298436916	-0.04039908712249675	0.03677293738425906
2,10	0.0005233918212225741	0.010610250369925082	0.9606575315978972	-0.041125348229920304	0.04217213187236545
2,11	-0.013601137917866657	0.00991698833265337	0.1702298474577153	-0.05252859530639701	0.025326319470663695
2,12	-0.001387778104411208	0.009912193358056319	0.8886552757093127	-0.04029641363261011	0.0375208574237877
2,13	0.010155735960349438	0.009907405964535725	0.3053408093516134	-0.028734107465749135	0.04904557938644801
2,14	0.023432481447387493	0.0098271260440467	0.017109995452096335	-0.015142236753273315	0.0620071996480483
2,15	0.006894505805678762	0.00988713796810015	0.4856075740742527	-0.031915779034573856	0.04570479064593138
3,4	-0.00994783611379342	0.009831880805839043	0.3116448775084143	-0.04854121832623435	0.028645546098647508
3,5	0.02610274378362093	0.009859063696361739	0.00811108536605317	-0.012597340259761475	0.06480282782700333
3,6	0.004026238030336582	0.009839291001848608	0.6823958278386879	-0.03459623165097363	0.04264870771164679
3,7	0.008590617996561106	0.009853352578863125	0.3832987669611898	-0.030087048022758876	0.04726828401588109
3,8	0.0036581237719744107	0.009827919973027828	0.7097335702795916	-0.03491971086238034	0.04223595840632917
3,9	-0.0010165253510815014	0.009831223165169095	0.9176480755719287	-0.03960732610650165	0.03757427540433865
3,10	-0.0037764528588908053	0.010617572530369285	0.7220831221102193	-0.04545393481020767	0.03790102909242606
3,11	0.006995854431589121	0.009919844767587477	0.48066747158451273	-0.03194281540828742	0.04593452427146566
3,12	-0.002169049472369594	0.009916084268701813	0.8268536794311911	-0.04109295811104059	0.036754859166301404
3,13	0.009936962316396403	0.009912092021615975	0.31610593135119247	-0.028971275432776146	0.04884520006556895
3,14	-0.005582631151427042	0.009829929294896783	0.5700923522229406	-0.04416835303832358	0.0330030907354695
3,15	0.02475746052466654	0.009888101906618615	0.012293352517195103	-0.014056608092912828	0.06357152914224591
4,5	0.04966603031867445	0.009850435363097685	4.633593692899446e-07	0.01099981533555549	0.0883322453017934
4,6	-0.01266912028287448	0.00983122953661141	0.19752604792761452	-0.051259946048311876	0.025921705482562916
4,7	0.022906730801421235	0.009845419602452695	0.0199911990799642	-0.015739795663144568	0.06155325726598704
4,8	0.0008791346817217938	0.009823557035634839	0.9286911157243403	-0.037681573981142684	0.03943984334458627
4,9	-0.018440884615491378	0.009824002204509442	0.06051067560251963	-0.05700334071334474	0.02012157148236198
4,10	0.018582432880804883	0.010614255425487884	0.08000699478804567	-0.023082028337342533	0.0602468940989523
4,11	-0.026653511246796713	0.009913079807110339	0.0071766162100429754	-0.06556562638055932	0.012258603886965896
4,12	0.02142516210651929	0.009909821467963676	0.03062512353253959	-0.01747416296900845	0.06032448718204703
4,13	0.054584052471827516	0.009909925776385322	3.658944796842483e-08	0.01568431795126437	0.09348378699239066
4,14	-0.03347578489097858	0.009827217839469625	0.0006590406584823235	-0.07205086341901848	0.005099293637061318
4,15	0.011577636135560399	0.009879022035334074	0.2412299162534553	-0.027200790985763647	0.050356063256884444
5,6	0.034377310490822405	0.009858416199447832	0.000488987844672076	-0.0043202319131348185	0.07307485289477963
5,7	-0.06443298110692311	0.00987603456950982	6.947346147666247e-11	-0.10319968143734326	-0.025666280776502952
5,8	0.11861581803545068	0.00984771698558401	2.4637068426615955e-33	0.07996027358266614	0.15727136248823523
5,9	0.013711037483274124	0.009852110012300344	0.16402809222630035	-0.024961751051541234	0.05238382601808948
5,10	0.019419064067953073	0.010666671968411763	0.06868740396009261	-0.022451149408105636	0.06128927754401178
5,11	-0.012170234270801536	0.009947398080159063	0.22116604639951665	-0.05121705997060902	0.026876591429005947
5,12	0.0012934690739688157	0.009942679375008711	0.8964940389384759	-0.03773483414829732	0.04032177229623495
5,13	-0.08154827428015433	0.009936052023754147	2.3523483162338236e-16	-0.12055056295799357	-0.042545985602315095
5,14	0.2483172637956451	0.009848265716290171	8.021661243972424e-139	0.20965956539344915	0.286974962197841
5,15	0.002101853816505697	0.009928614419879193	0.8323451982291572	-0.0368712398075326	0.041074947440544
6,7	0.024529929585880822	0.009852324043661966	0.012788327092999737	-0.014143699092779606	0.06320355826454124
6,8	-0.004875502458896008	0.009827046440059595	0.6198056470916948	-0.043449908187593346	0.03369890326980133
6,9	0.008525307733325493	0.009830100267571666	0.3858034970391927	-0.030061085277837088	0.047111700744488075
6,10	0.007281737653963116	0.010618731255440893	0.4928795163928882	-0.03440029267629068	0.048963767984216915
6,11	0.010928684030635141	0.009919390706720323	0.2705794885284505	-0.028008203470242396	0.04986557153151268
6,12	0.020438376819841647	0.009915155595978201	0.03928053064860942	-0.018481886471404946	0.05935864011108824
6,13	0.02556681280923534	0.009911858364799627	0.009901485209119099	-0.013340507759694899	0.06447413337816557
6,14	-0.056649056803824316	0.009829259388826034	8.329400709143094e-09	-0.09523214908794744	-0.01806596451970119
6,15	0.0238027351377557	0.009886750921515992	0.01606650751313303	-0.015006030416711072	0.06261150069222247
7,8	0.02562980215768368	0.009841681261799485	0.009213213444861342	-0.013002050084063639	0.06426165439943099
7,9	0.017405436522240414	0.009845877517399208	0.07710638611658704	-0.021242887409859884	0.05605376045434071
7,10	0.27766081160210354	0.01064476955661547	2.564762362301831e-148	0.23587657233245776	0.3194450508717493
7,11	0.021757724579282295	0.009939573495389792	0.028604594365816926	-0.017258387038792754	0.060773836197357343
7,12	0.05017092935186317	0.009938551336214142	4.4882401544248554e-07	0.011158830046439874	0.08918302865728646
7,13	-0.2261181695050068	0.00992657951062513	6.97813345842326e-114	-0.26508327543755855	-0.18715306357245504
7,14	-0.11722325896715134	0.009842637594863875	1.24923618550184e-32	-0.15585886513230407	-0.0785876528019986
7,15	-0.040985811177135054	0.009916223056334876	3.58713564645206e-05	-0.0799102646031438	-0.0020613577511263206
8,9	-0.003959608986373431	0.009821249210331342	0.6868278658648255	-0.04251125867204155	0.03459204069929469
8,10	-0.04840551279973748	0.010603769447931045	5.016480357028721e-06	-0.09002881308970503	-0.00678221250976993
8,11	0.018380761506045215	0.009905043513215389	0.0635066094580578	-0.020499808517683606	0.057261331529774036
8,12	0.05304408005214936	0.009902201164859318	8.533843210937985e-08	0.014174667185291444	0.09191349291900727
8,13	0.09304720839027428	0.009904798860223659	6.166193366453577e-21	0.05416759871041106	0.1319268180701375
8,14	-0.256100281148067	0.00982578294825686	4.28875261892029e-148	-0.29466972725377577	-0.2175308350423582
8,15	0.06547795978802151	0.009874274438110054	3.387398360856491e-11	0.02671816855517859	0.10423775102086444
9,10	0.016470567644528727	0.010604396580132536	0.12039007428776251	-0.025155194346635962	0.05809632963569342
9,11	-0.004582726926809277	0.00990923017674341	0.6437473125677962	-0.043479730988838866	0.03431427713522031
9,12	0.01058768824862781	0.009905005905316136	0.2851130543701532	-0.028292734151664688	0.04946811064892031
9,13	0.011090192372288643	0.009901126710523537	0.2626827572120138	-0.027775002906127194	0.04995538765070448
9,14	0.012094666581529967	0.009821808820529828	0.21817955656705124	-0.026459179759153267	0.0506485129222132
9,15	-0.018300147226988042	0.009879454675111787	0.06398635611382247	-0.05708027260245403	0.020479978148477948
10,11	-0.08142841215829283	0.011849190265374406	6.4524973405299984e-12	-0.12794040084594488	-0.034916423470640785
10,12	0.030670093929587125	0.011770485337064733	0.00917382787744705	-0.015532951897564207	0.07687313975673846
10,13	0.09477676375075145	0.01184642347089163	1.2843268096580806e-15	0.048275635646042356	0.14127789185546052
10,14	-0.058964298341131094	0.010607048503643005	2.736906783356995e-08	-0.10060047000870041	-0.017328126673561775
10,15	0.0163437775814205	0.010708110821657449	0.12694607383799958	-0.02568909709175181	0.058376652254592806
11,12	0.029735576915882383	0.010231287430095257	0.0036595611426746217	-0.010425608325552387	0.06989676215731716
11,13	0.005600727535532923	0.010243706015499733	0.5845558536889186	-0.03460920475873107	0.045810659829796915
11,14	0.27550578185761704	0.00990806989962808	5.150077521476231e-168	0.23661333226680903	0.31439823144842505
11,15	-0.02298889150623079	0.009983125331254112	0.021298369299620437	-0.062175958476670054	0.016198175464208472
12,13	0.45066425391621606	0.010227442590792241	0.0	0.4105181609400047	0.4908103468924274
12,14	0.5629030082418098	0.009904399965309344	0.0	0.5240249643563449	0.6017810521272747
12,15	0.2126530391637047	0.009971517303703754	3.662496386665473e-100	0.17351153753857734	0.25179454078883207
13,14	0.27611423479742825	0.00991158262383616	1.2703873222604267e-168	0.23720799660292918	0.3150204729919273
13,15	0.48750369015584116	0.009968893175936695	0.0	0.44837248909963734	0.526634891212045
14,15	0.5596466313257039	0.009880394007652074	0.0	0.5208628187595093	0.5984304438918985
1,2,3	-0.010413987165644102	0.005185242933668918	0.04461094151566906	-0.0307677797263306	0.009939805395042394
1,2,4	0.026321711544726817	0.005186401965358495	3.8954131225799324e-07	0.005963369401526506	0.04668005368792713
1,2,5	-0.011163000988914248	0.005186156431392728	0.031369055108482355	-0.03152037933013464	0.009194377352306146
1,2,6	-0.00014457057359043568	0.005185232641720959	0.9777570797532058	-0.020498322734979063	0.020209181587798192
1,2,7	-0.0013076882603683115	0.005185780236305637	0.8009128886262682	-0.021663589911515943	0.01904821339077932
1,2,8	0.0005192126535665115	0.005186701854843792	0.9202619670346986	-0.01984030665499576	0.020878731962128784
1,2,9	-0.006087072299390983	0.005185243661871169	0.24043561055744433	-0.02644086771851203	0.014266723119730065
1,2,10	-0.004372797432788421	0.005243886065828685	0.4043525372464607	-0.024956783672412976	0.016211188806836134
1,2,11	0.0036106960521063367	0.0052438176685569516	0.491104012117622	-0.0169730217056171	0.024194413809829774
1,2,12	-0.004305765353131638	0.005230181348321853	0.4103704200956839	-0.02483595604627839	0.016224425340015114
1,2,13	0.0073886250991113955	0.0052470647042470635	0.15909874400467855	-0.013207838347043446	0.027985088545266237
1,2,14	-0.006848292726121752	0.005188284405102435	0.1868607885792095	-0.027214024067580715	0.013517438615337211
1,2,15	0.00016900931320010248	0.0051883322820673195	0.9740138187055627	-0.020196909961172353	0.020534928587572557
1,3,4	-0.012493783387895419	0.005186518765526225	0.016006900299861043	-0.03285258401036381	0.00786501723457297
1,3,5	0.01604753164080159	0.005186201429120834	0.0019747759835233	-0.004310023331376176	0.03640508661297935
1,3,6	-0.0005444726189182125	0.00518528905252427	0.9163738738053501	-0.02089844621135712	0.019809500973520695
1,3,7	-0.0025674730342695115	0.005185737205964173	0.6205312095589135	-0.02292320577710269	0.017788259708563667
1,3,8	-0.00010468487866920062	0.0051868389994219315	0.983897692542896	-0.020464742525035502	0.0202553727676971
1,3,9	0.0010497600235570975	0.005185418560149313	0.8395705426362351	-0.019304721929120448	0.021404241976234643
1,3,10	0.00207177004487738	0.005244083969214603	0.6927954964284848	-0.01851299303095631	0.02265653312071107
1,3,11	-0.0014870592505997066	0.0052439887737539236	0.7767387818320723	-0.022071448652782193	0.01909733015158278
1,3,12	0.0036857415614351685	0.005230352829919671	0.4810129478133449	-0.01684512225366838	0.024216605376538716
1,3,13	0.007329137479853427	0.0052472685960456445	0.16249831447514193	-0.013268126309009795	0.02792640126871665
1,3,14	-0.0007093469337079994	0.005188424481524424	0.8912552482893246	-0.02107562812142726	0.01965693425401126
1,3,15	0.0020569177928541488	0.005188528171658967	0.6917864771477575	-0.018309770412919247	0.022423605998627544
1,4,5	0.0025035572715465526	0.005187685382169076	0.6293860247725582	-0.017859822706884555	0.02286693724997766
1,4,6	0.00011805080117520406	0.005186489348334543	0.9818408982379823	-0.02024063434909162	0.02047673595144203
1,4,7	0.023724607352584623	0.005187092441947764	4.8093765504601785e-06	0.003363554860525874	0.04408565984464337
1,4,8	-0.012863436841852233	0.005188836102462799	0.01317840518494696	-0.03323133377782099	0.007504460094116528
1,4,9	0.009663862805003125	0.00518660130320232	0.06243889836495164	-0.010695261805127785	0.030022987415134036
1,4,10	0.033440842190902584	0.0052456782746655994	1.857245099717202e-10	0.012849820939156393	0.05403186344264878
1,4,11	0.025491618008947753	0.005245594183737925	1.1820674707026378e-06	0.004900926841889978	0.04608230917600553
1,4,12	0.008430104902419317	0.0052322181583935555	0.10714861639526452	-0.012108080943551574	0.028968290748390208
1,4,13	-0.012684789601404012	0.005250932518063239	0.015710058433940043	-0.03329643549534093	0.007926856292532904
1,4,14	0.013225493210374036	0.0051916715640000066	0.01085650809781786	-0.007153533849425065	0.03360452027017313
1,4,15	-0.009108494964987432	0.0051918034242959725	0.07937244591260147	-0.02948803962003625	0.011271049690061385
1,5,6	-0.0005944455623180592	0.0051861460583990165	0.9087456475793254	-0.020951783186109216	0.019762892061473098
1,5,7	-0.012007752310553288	0.00518681685817617	0.020616837847974336	-0.03236772304521092	0.00835221842410434
1,5,8	0.010120299758024226	0.005188039723255287	0.05110233008440269	-0.010244471126302074	0.030485070642350526
1,5,9	-0.0019026222522178782	0.005186293271545691	0.7137291211333425	-0.022260537736272856	0.0184552932318371
1,5,10	-0.01073915037287302	0.0052459532211376995	0.04065404417597542	-0.03133125088040915	0.009852950134663113
1,5,11	-0.007134921962438069	0.005246045652547599	0.17382213808788355	-0.027727385293812398	0.01345754136893626
1,5,12	-0.0030844299711337286	0.005231991378301079	0.5555084624669961	-0.02362172563027669	0.017452865688009234
1,5,13	0.013338393425776744	0.0052500128803824354	0.011070009418984166	-0.007269642586265435	0.03394642943781892
1,5,14	0.011638382737728103	0.005190390491016442	0.024949695170498904	-0.008735615687136027	0.03201238116259224
1,5,15	-0.005874697500730795	0.005190484533299049	0.25771897019790185	-0.02624906507264099	0.014499670071179398
1,6,7	-0.007464283919234524	0.005185876635549116	0.15006231674581624	-0.02782056396927877	0.012891996130809723
1,6,8	-0.000710061065650136	0.005186862681767251	0.8911138791077964	-0.02107021167305031	0.019650089541750036
1,6,9	-0.0012523974085220657	0.005185336542351736	0.8091485616887504	-0.021606557414232126	0.019101762597187995
1,6,10	-0.008271033909102138	0.005244151198234457	0.11476195608306387	-0.028856060881062136	0.01231399306285786
1,6,11	2.9000960362457473e-05	0.005244076894850978	0.9955875730556217	-0.020555734346255485	0.0206137362669804
1,6,12	0.005629079045038454	0.0052303862014885	0.28183479704406095	-0.014901915764504135	0.026160073854581044
1,6,13	-0.0031116041794710877	0.005247391261039048	0.5531982638549338	-0.023709349468981844	0.01748614111003967
1,6,14	0.004173701834542035	0.005188426289592178	0.4211577693052829	-0.01619258645044084	0.02453999011952491
1,6,15	0.0029425123432788997	0.005188451078352959	0.5706319618006889	-0.017423873245784267	0.023308897932342067
1,7,8	-0.005132894994955187	0.005187682813503501	0.3224565115171947	-0.025496264890524808	0.015230474900614435
1,7,9	-0.0013932827559083177	0.005185724474376703	0.788180432304459	-0.021748965523052093	0.018962400011235458
1,7,10	0.023137648977121866	0.005244999099480356	1.0307727918144846e-05	0.0025492937124874937	0.04372600424175624
1,7,11	-0.002402348408075572	0.005244944565290357	0.646933349110161	-0.022990489607987247	0.018185792791836103
1,7,12	0.005843130466239674	0.005231447201970127	0.26403571401103476	-0.0146920291209201	0.026378290053399447
1,7,13	-0.025304689262744234	0.0052485949708650495	1.4337872893828573e-06	-0.045907159511223185	-0.004702219014265284
1,7,14	-0.0010311578364277652	0.005189586702652305	0.842500747223635	-0.021402001126260492	0.01933968545340496
1,7,15	-0.006109181931483451	0.005189532728664275	0.23912018201490667	-0.026479813355571393	0.014261449492604491
1,8,9	-0.0019658502379238108	0.005187046207326012	0.7046963334535576	-0.02232672124380876	0.018395020767961137
1,8,10	0.006243873587734733	0.005246460935314786	0.23401205747691053	-0.014350219865777652	0.026837967041247118
1,8,11	0.00020071592548360356	0.005246272252707404	0.9694816197913778	-0.02039263688642344	0.020794068737390647
1,8,12	0.0017928469999781843	0.005232960631898831	0.7318968342847912	-0.01874825329993469	0.02233394729989106
1,8,13	-0.009144153277715266	0.005251577672695561	0.08165531620010591	-0.02975833161684787	0.011470025061417338
1,8,14	0.004232371201573909	0.005192380686929574	0.4150147930194328	-0.016149439400133078	0.024614181803280896
1,8,15	0.012498618323989352	0.005192305058153757	0.016083942981521333	-0.00788289540977253	0.032880132057751234
1,9,10	0.00047464345982856093	0.005244102671474171	0.9278825982061883	-0.020110193028556194	0.021059479948213316
1,9,11	-0.0031296574140671635	0.005244080377911895	0.5506467000009657	-0.023714406392850575	0.01745509156471625
1,9,12	-0.00036218116781716603	0.005230485949974037	0.9447956525726878	-0.020893567523138576	0.020169205187504244
1,9,13	-0.00699813534491529	0.005247519872605533	0.1823425125354602	-0.027596385477338642	0.013600114787508062
1,9,14	0.008120356781037924	0.005188635675310092	0.11758712729757122	-0.012246753412102795	0.028487466974178643
1,9,15	-0.0019490297209985435	0.005188667579134344	0.7071931546159398	-0.022316265147195653	0.018418205705198566
1,10,11	0.005194185926058574	0.005482670581295024	0.34345161954495984	-0.016327108469939473	0.02671548032205662
1,10,12	0.009549921320959637	0.005450903013401342	0.07978602348262294	-0.011846674869894137	0.03094651751181341
1,10,13	0.016761314296026793	0.0054878781486957	0.00225828487223836	-0.004780421523444572	0.03830305011549816
1,10,14	-0.004419353120193592	0.005249123291920595	0.3998383015187126	-0.025023897203458604	0.01618519096307142
1,10,15	-0.007938762087298101	0.005249224840331789	0.13045077246669673	-0.02854370478164513	0.012666180607048928
1,11,12	-0.011599664522809756	0.005450090953735527	0.03331682279519157	-0.03299307311103886	0.00979374406541935
1,11,13	0.012077509244941387	0.005488595466463177	0.027780967547565497	-0.009467042283885566	0.033622060773768336
1,11,14	-0.011478891129528906	0.005249003151975718	0.02875972261131203	-0.032082963623796534	0.009125181364738721
1,11,15	-0.0007311799460379964	0.0052491162581661316	0.8892173365300347	-0.021335696419491644	0.01987333652741565
1,12,13	0.004346510483536223	0.0054626737021111985	0.42622756455737565	-0.01709628955145014	0.025789310518522585
1,12,14	0.00873574427845434	0.005234775993930076	0.09516943149644255	-0.011812481917521492	0.02928397047443017
1,12,15	-0.00848303489534502	0.005234919748810045	0.10514176433094186	-0.02903182537674468	0.01206575558605464
1,13,14	-0.01926928495895864	0.0052562451378863	0.000246822481078656	-0.03990178464185311	0.0013632147239358294
1,13,15	0.01076956950579186	0.005256482373711359	0.04048878132325502	-0.009863861406137198	0.031403000417720914
1,14,15	0.006916616280908616	0.005196493665368274	0.18319393867815226	-0.013481339120766045	0.027314571682583277
2,3,4	-0.024427939505692456	0.005186721493486694	2.4919114480197395e-06	-0.04478753590241992	-0.004068343108964995
2,3,5	-0.008315246835675319	0.005186215354215043	0.10887105982980072	-0.028672856468450966	0.012042362797100328
2,3,6	-0.009185913125442285	0.005185368401565044	0.07648676694319093	-0.029540198189096038	0.011168371938211467
2,3,7	0.006307779777293299	0.005186068052440285	0.22388286320580747	-0.014049251647324006	0.026664811201910603
2,3,8	0.0010764984194511218	0.005186972606996612	0.8355904617388323	-0.019284083680811432	0.021437080519713676
2,3,9	0.0012306266389960768	0.005185486580103223	0.8124091393306532	-0.0191241223144854	0.021585375592477554
2,3,10	0.016405796065108474	0.005244208503031874	0.001759515981725612	-0.004179455847124192	0.03699104797734114
2,3,11	0.006891447491410518	0.005244120830247596	0.18881316719636113	-0.013693460276162538	0.027476355258983575
2,3,12	0.0004277158231640321	0.005230451932844939	0.9348268529868521	-0.020103537003680887	0.02095896865000895
2,3,13	-0.018181115155721864	0.0052474930878652695	0.0005315232322737574	-0.03877926014918566	0.002417029837741929
2,3,14	0.027604069493152417	0.005188545449690631	1.0440498709938352e-07	0.007237313465393275	0.04797082552091156
2,3,15	-0.014677887240693646	0.005188526372117106	0.004673769078413569	-0.03504456838267038	0.005688793901283084
2,4,5	-0.01248154505792845	0.005187866724259965	0.016138257864425833	-0.032845636864011166	0.007882546748154261
2,4,6	0.0037103742542349827	0.0051866550132806406	0.47438643131079605	-0.016648961185707863	0.024069709694177828
2,4,7	-0.0187463793654028	0.0051872866579013915	0.0003021126311742104	-0.03910819421928002	0.001615435488474419
2,4,8	0.01042271020495349	0.0051887679722860975	0.044577320323020656	-0.00994491929755045	0.03079033970745743
2,4,9	-0.01408917354022578	0.00518670411943626	0.0066033849498921	-0.03444870173806208	0.006270354657610517
2,4,10	-0.011655021639291857	0.005245708540481859	0.026302944664346732	-0.032246161694371604	0.00893611841578789
2,4,11	-0.01752501844359408	0.005245570177842011	0.0008360465093260143	-0.038115615379574946	0.0030655784923867835
2,4,12	0.003567484362288008	0.005232168769133291	0.4953475605845693	-0.016970507614510112	0.024105476339086128
2,4,13	-0.0032202531766495762	0.005251005195972633	0.5397063883561466	-0.02383218435540544	0.017391678002106288
2,4,14	-0.022566618290337924	0.005191996803442444	1.3883364494368377e-05	-0.042946922022460504	-0.002186314558215347
2,4,15	0.010199795665985611	0.0051920133522721105	0.049479520483805516	-0.010180573025763827	0.03058016435773505
2,5,6	-0.0022694534911019346	0.0051862143195160835	0.6616841853397522	-0.022627059062342133	0.018088152080138264
2,5,7	0.013892543875403035	0.005186918594874087	0.0074019657983902575	-0.006467826209424238	0.03425291396023031
2,5,8	-0.00691006612349343	0.005188035982850528	0.18289558650117957	-0.027274822325494618	0.013454690078507758
2,5,9	-0.002093080474913897	0.005186312475185275	0.6865261276545315	-0.022451071339602238	0.018264910389774444
2,5,10	-0.001107027811776129	0.0052457911820441945	0.8328640425928512	-0.021698492262306232	0.019484436638753974
2,5,11	0.006474499486484854	0.005245689440795979	0.2171189892541335	-0.014116565596014177	0.027065564568983885
2,5,12	0.007144850046855243	0.005231530429184282	0.17203452643986014	-0.01339063623463187	0.027680336328342357
2,5,13	-6.809551233963318e-05	0.0052497568592635244	0.9896508772861387	-0.020675126556859144	0.020538935532179878
2,5,14	-0.02560759316212068	0.005190545026159797	8.120130506285607e-07	-0.04598219818850598	-0.005232988135735386
2,5,15	0.006160640322015465	0.005190534713586579	0.2352769466100116	-0.014213924224111	0.02653520486814193
2,6,7	0.0010381640388767432	0.005185954743595053	0.8413352016051532	-0.019318422611067386	0.021394750688820872
2,6,8	0.005440178050312376	0.005186788445821956	0.2942543482095959	-0.014919681156462906	0.025800037257087658
2,6,9	-0.001819422814319016	0.005185434027041224	0.7256869768533176	-0.022173965479660086	0.018535119851022054
2,6,10	0.003063945875145597	0.005243985260383773	0.5590376358619076	-0.017520429735897663	0.023648321486188856
2,6,11	0.009814718473271103	0.0052438443664610986	0.061262805642457265	-0.010769104082551433	0.03039854102909364
2,6,12	-0.003777721009126045	0.005230248811247246	0.4701260360886206	-0.02430817651655567	0.01675273449830358
2,6,13	-0.001589712531559484	0.005247283612470433	0.7619231180395494	-0.022187035264853865	0.019007610201734897
2,6,14	0.007959444469919086	0.00518851730566072	0.1250280066632483	-0.0124072010832193	0.02832609002305747
2,6,15	-0.008290781061482053	0.005188482005370528	0.11007131769726215	-0.028657288049312488	0.012075725926348382
2,7,8	-0.006043083721621295	0.005187628453691389	0.24406761408511288	-0.026406240236959068	0.014320072793716478
2,7,9	-0.0025528469001980247	0.005185839993091651	0.6225302835913962	-0.022908983116484108	0.01780328931608806
2,7,10	-0.011031678181727268	0.005245056620313587	0.03545208017962217	-0.031620259234646286	0.009556902871191753
2,7,11	0.002525076553439004	0.005244695692833504	0.6301978345430035	-0.01806208773981166	0.02311224084668967
2,7,12	-0.010833255728684085	0.005231282499244641	0.0383804447129011	-0.03136776880320181	0.009701257345833637
2,7,13	0.010815326372923678	0.0052485269190641545	0.03934603437136474	-0.009786876749741397	0.03141752949558875
2,7,14	-0.02533809052641238	0.005189837145074697	1.0542439105916185e-06	-0.045709916885539825	-0.0049662641672849304
2,7,15	0.010547104404380225	0.005189711958510057	0.04213112681050989	-0.009824230556099049	0.0309184393648595
2,8,9	0.00023754369225800764	0.005187020297739837	0.9634733216625722	-0.02012322560993647	0.020598312994452486
2,8,10	-0.001761590316365639	0.00524624201164259	0.7370381089753675	-0.022354824422096728	0.01883164378936545
2,8,11	-0.0029922426133126064	0.005245876359745323	0.5684114161051002	-0.023584041414476176	0.017599556187850966
2,8,12	-0.006799336933467431	0.0052325804023055705	0.19380876306916625	-0.027338944706537176	0.013740270839602314
2,8,13	0.0009927459292688456	0.005251233249473948	0.8500548758217871	-0.01962008043486558	0.02160557229340327
2,8,14	0.0013923143976866392	0.005192421557888807	0.7885906761183086	-0.01898965663604574	0.02177428543141902
2,8,15	-0.007542186856831001	0.0051922348683913775	0.1463482523345674	-0.027923425072573452	0.01283905135891145
2,9,10	0.0019200610088506431	0.005244087279282728	0.7142645095771329	-0.01866471506009462	0.022504837077795905
2,9,11	0.007379705563964143	0.005243965196063113	0.15935605218033316	-0.013204591287988017	0.027964002415916303
2,9,12	0.005271798095195693	0.005230277827545172	0.31349220929066307	-0.015258771310794988	0.025802367501186373
2,9,13	0.00929370631001794	0.005247461927576626	0.07655663634871493	-0.011304316369012506	0.029891728989048388
2,9,14	-0.004867503407417019	0.005188673344173341	0.3481997492603034	-0.025234761463297898	0.01549975464846386
2,9,15	0.0002505352794839183	0.00518871191578313	0.961489690213652	-0.020116874182715704	0.02061794474168354
2,10,11	-0.001189425551634704	0.005479417858681959	0.8281540982267266	-0.022697951936148875	0.020319100832879466
2,10,12	0.012268081627082414	0.005447685247667271	0.024330755436717717	-0.009115883769592964	0.03365204702375779
2,10,13	-0.0037276087227971696	0.005484997730944443	0.4967625630274676	-0.02525803795043722	0.01780282050484288
2,10,14	-0.0019647912078907953	0.005249235932191136	0.7081834872910101	-0.02256977744145231	0.01864019502567072
2,10,15	-0.0014569402810292106	0.005249154337458254	0.7813542627499028	-0.022061606228292018	0.019147725666233597
2,11,12	0.0028049603404521166	0.0054468507082165735	0.6065783690754037	-0.01857572921301196	0.024185649893916195
2,11,13	-0.007686461056086502	0.005485487723525243	0.16115403930845626	-0.029218813666579288	0.013845891554406284
2,11,14	0.004799528101250478	0.005249002825287021	0.36053012941631446	-0.015804543110656023	0.02540359931315698
2,11,15	0.0016309646320207538	0.005248866229460307	0.7560103203520647	-0.01897257039611246	0.022234499660153968
2,12,13	0.0003260408092053413	0.005459404009990688	0.9523782845952964	-0.021103924603370943	0.021756006221781626
2,12,14	-0.004654222688719248	0.005234808745245082	0.37396122353754613	-0.02520257744443283	0.015894132066994335
2,12,15	0.00011623532879136145	0.005234633680710897	0.9822845341470476	-0.020431432240755804	0.020663902898338526
2,13,14	0.015233986806186976	0.005256424625492905	0.0037562678604709833	-0.005399217424895259	0.03586719103726921
2,13,15	-0.010505975155030899	0.005256431421619385	0.0456510214901125	-0.03113920606315611	0.010127255753094314
2,14,15	0.00163983355829031	0.005196696727999216	0.7523439832429423	-0.018758918931335657	0.022038586047916277
3,4,5	-0.016902045194430337	0.005187996866074695	0.0011236034992214397	-0.03726664785015585	0.0034625574612951703
3,4,6	0.0024945646039749303	0.0051866626726410694	0.6305502006564472	-0.017864800901489494	0.022853930109439355
3,4,7	0.01852094203646218	0.005187363862954374	0.0003570036698597225	-0.0018411758727690797	0.03888305994569344
3,4,8	-0.008284242882251679	0.005189053160789253	0.11039128384991807	-0.028652991843903082	0.012084506079399725
3,4,9	0.004045233451988359	0.005186841123640011	0.4354541182413434	-0.016314832532636093	0.02440529943661281
3,4,10	0.016566530087380085	0.005246217938691186	0.0015912092291741375	-0.004026609524059133	0.0371596696988193
3,4,11	0.021445358987809443	0.005246061269103378	4.3644303836182875e-05	0.0008528343562914341	0.04203788361932745
3,4,12	0.004370182998135998	0.005232687801947648	0.4036287968059866	-0.016169846354031178	0.024910212350303173
3,4,13	-0.0038323034931068978	0.0052515391655703954	0.46554959562818	-0.024446330679044222	0.016781723692830427
3,4,14	0.017373757227042763	0.005192063157962684	0.0008202432625031906	-0.0030068069685060643	0.037754321422591594
3,4,15	-0.02159955455871143	0.005192169310144611	3.191048575396246e-05	-0.04198053543666423	-0.0012185736807586271
3,5,6	0.0031497996327745775	0.0051861910771496145	0.5436275849059942	-0.01720771470449418	0.023507313970043336
3,5,7	-0.006754739796512921	0.005186782400661117	0.1928243862595283	-0.02711457527403361	0.013605095681007769
3,5,8	-0.01282525021676234	0.005188165699950426	0.013440743887833475	-0.03319051560126021	0.007540015167735534
3,5,9	-0.0027742095957857607	0.0051863447727328845	0.5927185010976529	-0.023132327239024822	0.0175839080474533
3,5,10	0.00126854490069752	0.005245771366592638	0.8089194653314407	-0.01932284176763498	0.02185993156903002
3,5,11	-0.007363963719470179	0.005245782391145831	0.1603925736011365	-0.027955393662818264	0.013227466223877906
3,5,12	0.003275562735434997	0.005231718612658476	0.5312561959481763	-0.0172606622283947	0.023811787699264692
3,5,13	-0.0013512289167465358	0.005249858905710503	0.796884245482469	-0.02195866052730315	0.01925620269381008
3,5,14	-0.004096236386382471	0.005190686349883661	0.43002992413146635	-0.02447139615510023	0.01627892338233529
3,5,15	0.00047949570766971095	0.005190617251917716	0.9263988194480268	-0.01989539282869053	0.020854384244029953
3,6,7	-0.004002250419374867	0.005185978253474805	0.440271870951605	-0.024358929353368506	0.016354428514618772
3,6,8	-0.00820568452769202	0.00518689204055434	0.11365925885332888	-0.028565950378036425	0.012154581322652385
3,6,9	0.00045124591397989466	0.005185346535043639	0.9306535852681509	-0.019902953316349094	0.020805445144308883
3,6,10	-0.0016099621170944517	0.005244015683376651	0.7588383641841047	-0.02219445714844145	0.018974532914252547
3,6,11	0.005549072569909094	0.005243888553145545	0.2899737553425464	-0.01503492343325635	0.026133068573074538
3,6,12	-0.0010305415903082982	0.005230254857182478	0.8438017448137483	-0.021561020830032265	0.01949993764941567
3,6,13	0.0006418543908217472	0.005247315409315694	0.9026460011101746	-0.019955593155601123	0.021239301937244617
3,6,14	-0.001583647232959673	0.005188533079165139	0.760200270725945	-0.02195035470231703	0.018783060236397683
3,6,15	-0.0005333655472576082	0.00518857129862769	0.9181253933181572	-0.02090022304063939	0.019833491946124174
3,7,8	-0.0017201066048060376	0.005187620630053238	0.740209434537059	-0.02208323240977787	0.018643019200165794
3,7,9	0.0024167926943449713	0.005185808081128413	0.6411904600675349	-0.01793921825693651	0.022772803645626453
3,7,10	-0.00011336935400237114	0.00524488748004342	0.9827550439792152	-0.020701286475449585	0.020474547767444843
3,7,11	0.0003051998067197803	0.0052446363726474255	0.9535954872982866	-0.020281731635191508	0.02089213124863107
3,7,12	-0.004932668654240652	0.005231152018712026	0.34571864476143044	-0.02546666954953591	0.015601332241054606
3,7,13	-0.00948307181467499	0.005248425819927187	0.07079714423117957	-0.0300848780898079	0.01111873446045792
3,7,14	0.002264284881258072	0.005189737536362382	0.6626219121966903	-0.018107150480746653	0.022635720243262797
3,7,15	-0.0034784064637026213	0.0051896781023084695	0.5027006003785852	-0.023849608527399077	0.016892795599993835
3,8,9	0.005910842584403789	0.0051871544423290296	0.25449740305502255	-0.014450453279646419	0.026272138448453997
3,8,10	0.0011857958313552797	0.00524639673474703	0.8211866401916945	-0.01940804561370637	0.02177963727641693
3,8,11	-1.3649772208954025e-05	0.005246039541514151	0.9979239884412716	-0.020606089115756926	0.020578789571339018
3,8,12	-0.003178174443018121	0.005232781532838522	0.5436176444374321	-0.02371857171991588	0.01736222283387964
3,8,13	-0.0055880085895485265	0.005251608047214351	0.28731165998226904	-0.026202306158708052	0.015026288979610999
3,8,14	0.009982357987963694	0.005192748262914032	0.05456936951219669	-0.010400895470989071	0.03036561144691646
3,8,15	3.3484082454862674e-06	0.005192486276206942	0.9994854833557736	-0.020378876666279012	0.020385573482769984
3,9,10	-0.0014068844918240023	0.0052441057213446765	0.7884862744034756	-0.021991732951958665	0.01917796396831066
3,9,11	-0.003509974017582563	0.00524405532366025	0.5032937777841706	-0.024094624650146272	0.017074676614981146
3,9,12	0.001134889383272289	0.00523039265110664	0.8282255996231189	-0.019396130743153498	0.021665909509698076
3,9,13	0.0026390437716746346	0.005247573892569819	0.6150330959009476	-0.017959418406965504	0.023237505950314773
3,9,14	0.001408402259993058	0.005188776668372	0.7860603450616918	-0.018959261377522647	0.021776065897508762
3,9,15	-0.0036445875879110856	0.00518883706627758	0.4824414349175389	-0.024012488307171464	0.016723313131349293
3,10,11	0.0023174701537716502	0.00548025390146609	0.672388482680746	-0.019194337975034493	0.023829278282577793
3,10,12	0.001946988643444128	0.005448412599966237	0.7208325567103102	-0.01943983185143997	0.023333809138328224
3,10,13	0.0017295894511847737	0.005485784366834643	0.7525469401084481	-0.019803927582356513	0.02326310648472606
3,10,14	-0.0015512119267274693	0.00524940605393974	0.7676122042092959	-0.022156865944388097	0.019054442090933158
3,10,15	-0.011756540434704713	0.0052493008069599036	0.025121702869730252	-0.032361781323178795	0.00884870045376937
3,11,12	-0.0024307073440240218	0.005447530697669112	0.6554534906619462	-0.023814066080868217	0.018952651392820173
3,11,13	0.0034161682787856897	0.005486385759065492	0.5335109089736458	-0.0181197094180593	0.02495204597563068
3,11,14	-0.007946317331045866	0.005249151835323805	0.13007988050521055	-0.028550973456603852	0.012658338794512121
3,11,15	-0.005264361502707093	0.005249017853571978	0.3159060980064918	-0.025868491705599836	0.01533976870018565
3,12,13	-0.0009129052339614807	0.005460211823733562	0.8672198988980422	-0.022346041582511345	0.020520231114588384
3,12,14	-0.007554687793883297	0.005235002121592266	0.14899980316558672	-0.028103801615682513	0.01299442602791592
3,12,15	0.004528147048139836	0.00523482638247981	0.38704343072790337	-0.016020276939550257	0.025076571035829928
3,13,14	-0.008028252959824261	0.0052566584572337986	0.12670847623142198	-0.02866237505778547	0.012605869138136949
3,13,15	0.0019406575492586509	0.005256626387864701	0.7119938890969212	-0.018693338665827924	0.022574653764345226
3,14,15	-0.008473573946442978	0.0051968361951843225	0.10300106212675328	-0.028872873890873087	0.011925725997987132
4,5,6	-0.010237083771001673	0.005187847799533747	0.048472743930586266	-0.030601101291278177	0.01012693374927483
4,5,7	0.03874460169461787	0.005188615635412018	8.414130020007955e-14	0.018377570164701526	0.05911163322453421
4,5,8	-0.008129222971858585	0.005191044205080352	0.1173570962233956	-0.028505787440516808	0.012247341496799638
4,5,9	0.005446356624091264	0.005187957648463072	0.2938151711437654	-0.014918092089544761	0.02581080533772729
4,5,10	-0.0038875975384722317	0.005248425847328882	0.4588709755908177	-0.024489403921165852	0.01671420884422139
4,5,11	-0.00045475587351825886	0.005248355684729923	0.9309524465888724	-0.02105628684481785	0.020146775097781334
4,5,12	0.0069589350774092035	0.005234303048888914	0.18369771776062851	-0.013587434652942248	0.027505304807760655
4,5,13	-0.02134443001170832	0.005254758127167559	4.879448297733784e-05	-0.04197109268598198	-0.0007177673374346542
4,5,14	-0.07900592421631702	0.005194805720196547	4.8653003826966e-52	-0.09939725387522155	-0.0586145945574125
4,5,15	0.011901361627354258	0.005194856022141203	0.021970965364305227	-0.008490165483310975	0.03229288873801949
4,6,7	-0.005411301355151402	0.005187475529151373	0.2968885267889605	-0.02577385759111852	0.014951254880815716
4,6,8	0.0009974094818279051	0.005189049148531619	0.8475756516231094	-0.01937132373038598	0.02136614269404179
4,6,9	-0.0008024321408675004	0.005186764871339161	0.8770528575691202	-0.02116219881000498	0.01955733452826998
4,6,10	0.0038548186869426515	0.005245877992676163	0.46244996650194803	-0.016736986524014254	0.024446623897899557
4,6,11	0.005296607081290004	0.005245736076451162	0.3126484059419591	-0.015294641061571614	0.025887855224151622
4,6,12	-0.005587833183578542	0.005232426722334962	0.28556353486634023	-0.026126837711962836	0.014951171344805753
4,6,13	0.0010186279601926418	0.005251262563909541	0.8461946482303494	-0.019594313472791735	0.02163156939317702
4,6,14	0.01917740836708945	0.005192029837557801	0.00022147566885988496	-0.0012030250348557397	0.03955784176903464
4,6,15	-0.007572639953140864	0.005192069078482486	0.14471294638047247	-0.027953227388687014	0.012807947482405286
4,7,8	0.011987837099672355	0.005190149129955813	0.020909980964750323	-0.008385213903243927	0.032360888102588636
4,7,9	-0.00488280251448292	0.005187251056238653	0.34655452707131074	-0.02524447762006532	0.01547887259109948
4,7,10	-0.08128992355920947	0.005246645010354779	6.218008395114467e-54	-0.1018847395681021	-0.06069510755031684
4,7,11	-0.01855060110146308	0.005246452443667613	0.0004071026643742161	-0.03914466122245329	0.0020434590195271274
4,7,12	-0.028925994307613195	0.00523348939419455	3.283031025407175e-08	-0.04946917017432567	-0.008382818440900719
4,7,13	0.03565068209454364	0.005252487445407944	1.16320944018203e-11	0.015032932596778334	0.056268431592308946
4,7,14	0.02155389447868377	0.0051934627109244316	3.3311198977124274e-05	0.0011678365751205816	0.04193995238224696
4,7,15	0.00903239865030428	0.005193420218072877	0.08200985454872346	-0.01135349245477002	0.02941828975537858
4,8,9	0.004155500112828142	0.005189333625364868	0.4232670263579741	-0.016214349764993575	0.02452534999064986
4,8,10	0.021832326097278754	0.0052495752462996285	3.207149263142763e-05	0.0012260079436769399	0.042438644250880564
4,8,11	0.020463677557898984	0.005249065754518194	9.69877186561378e-05	-0.00014064067204190567	0.04106799578783987
4,8,12	0.007156013524980007	0.005236281288316114	0.17175436265626168	-0.013398121449054657	0.02771014849901467
4,8,13	0.008736088768652533	0.005257455030901237	0.09659203088041635	-0.011901160144270628	0.029373337681575695
4,8,14	-0.027583338363526118	0.005197768423424908	1.123854061688422e-07	-0.04798629761196008	-0.007180379115092162
4,8,15	-0.0033322719556316688	0.005197572376178799	0.5214491138205857	-0.02373446165381881	0.017069917742555472
4,9,10	-0.0028533271204230215	0.005245875526011471	0.586501845767635	-0.023445122648905622	0.01773846840805958
4,9,11	0.00035217856173276607	0.00524579064266362	0.9464743164902512	-0.020239283771550286	0.020943640895015818
4,9,12	0.007907429488692573	0.00523242810903235	0.13073915725105578	-0.01263158048293736	0.028446439460322506
4,9,13	0.007614323151998538	0.005251484544843116	0.14708655184246294	-0.012999489629528658	0.028228135933525734
4,9,14	0.005483749488267787	0.0051922780464975764	0.2909148589818119	-0.014897658215814548	0.02586515719235012
4,9,15	0.0032417981523494045	0.005192439442257036	0.5324153638170106	-0.01714024308344017	0.02362383938813898
4,10,11	-0.0185704552746886	0.005484922834774049	0.0007108151186575681	-0.040100590510102	0.002959679960724798
4,10,12	-0.003223547840405433	0.005450930323448751	0.5542731972396056	-0.024620251232222962	0.018173155551412096
4,10,13	-0.008483898489468941	0.0054942786442452735	0.12256668153664589	-0.030050758369735166	0.013082961390797284
4,10,14	0.0098228940450545	0.005254550091378899	0.061575989235393584	-0.01080295201997988	0.03044874011008888
4,10,15	-0.011831674893880567	0.005254648224647371	0.02435110389192888	-0.032457906164432865	0.008794556376671727
4,11,12	-0.0005772915041211274	0.005450000653886029	0.9156425455336709	-0.021970345635591228	0.020815762627348973
4,11,13	-0.021010376639147246	0.0054945476101024345	0.0001316466590814763	-0.042578292299312814	0.0005575390210183183
4,11,14	0.03718608881154284	0.005254315831739007	1.503003050486603e-12	0.016561162293032446	0.05781101533005323
4,11,15	-0.0014281023390075032	0.005254390682771322	0.7857836978070933	-0.022053322672562662	0.019197117994547656
4,12,13	-0.022631827683990136	0.005465728413599927	3.472328830790273e-05	-0.044086618471342334	-0.0011770368966379334
4,12,14	-0.00047895627375912214	0.005239077060023139	0.9271595087997839	-0.021044065575920697	0.020086153028402453
4,12,15	-0.02345418740267824	0.005239082601501041	7.606064126769684e-06	-0.04401931845697238	-0.002889056348384097
4,13,14	-0.001779289814961331	0.0052644659847938	0.7353798417146511	-0.022444059039470124	0.018885479409547462
4,13,15	-0.00876483667734361	0.005264370407089614	0.09593617009050005	-0.029429230727769082	0.011899557373081862
4,14,15	0.012511782730881592	0.005203608490906201	0.016203178939538685	-0.00791410071292281	0.03293766617468599
5,6,7	-0.010580952195643832	0.005186905145804717	0.041365556214763656	-0.03094126948842807	0.009779365097140405
5,6,8	-0.0035122827582489656	0.005188172583681165	0.4984246785247243	-0.023877575163665492	0.01685300964716756
5,6,9	-0.00020546425608200525	0.005186359938920552	0.9683993186390737	-0.020563641431621035	0.020152712919457024
5,6,10	0.004822965710970489	0.005245724940439857	0.35788923620992286	-0.01576823871936561	0.025414170141306588
5,6,11	-0.012131766077039113	0.005245739652327588	0.020746512976593152	-0.03272302825639775	0.008459496102319525
5,6,12	-0.00946897865812149	0.00523167573961986	0.07031637677084224	-0.030005035331102405	0.011067078014859424
5,6,13	-0.001655659887756275	0.005249824352079964	0.7524796588846062	-0.022262955863890897	0.018951636088378347
5,6,14	0.0060613526246237615	0.005190615857295222	0.2429161255718349	-0.01431353043738218	0.026436235686629703
5,6,15	-0.013034646221769537	0.005190520258067598	0.012036013930145575	-0.033409154025205556	0.0073398615816664785
5,7,8	0.007405451798004836	0.005189122337023638	0.15355849225297	-0.012963568703233584	0.027774472299243257
5,7,9	-0.010349479736906787	0.0051867793810504515	0.04601299075778284	-0.030709303361457444	0.01001034388764387
5,7,10	0.03227377387502858	0.0052467536510695635	7.788277033498743e-10	0.011678531415417893	0.05286901633463927
5,7,11	0.014827643792477675	0.005246569839849908	0.004714116970850084	-0.005766877147334797	0.03542216473229015
5,7,12	0.01129729046985034	0.0052329228433504295	0.03086688122801552	-0.009243661497518589	0.03183824243721927
5,7,13	0.037142828935269476	0.005251182550836887	1.5470845731989773e-12	0.016530201580044576	0.057755456290494375
5,7,14	-0.08442582200012955	0.005191874151901058	3.3538290774241806e-59	-0.10480564428440821	-0.06404599971585088
5,7,15	0.01334998746964967	0.005191794887718974	0.010134729274173264	-0.007029523676512557	0.0337294986158119
5,8,9	-0.013997083458395149	0.005188467385708349	0.006985340889081052	-0.034363533059218826	0.006369366142428525
5,8,10	-0.012762553039174299	0.005248571628211095	0.015037159575207312	-0.033364931660020275	0.007839825581671678
5,8,11	-0.043679453766423626	0.005248415906354338	8.983733396328363e-17	-0.06428122112750605	-0.0230776864053412
5,8,12	-0.04967866869650599	0.005234816174599843	2.4754351505491544e-21	-0.07022705261489287	-0.029130284778119103
5,8,13	-0.010863544287744706	0.005254979856038164	0.03871587338730847	-0.03149107732113071	0.0097639887456413
5,8,14	0.018777734097898596	0.00519527085240692	0.0003015522244237502	-0.0016154213586868395	0.03917088955448403
5,8,15	-0.04780200731220139	0.005195200601628258	3.764799913387006e-20	-0.06819488701125831	-0.027409127613144468
5,9,10	-0.002363673463091867	0.00524588479507513	0.6522979447391746	-0.022955505375713333	0.0182281584495296
5,9,11	0.001718208795015913	0.005245991964910613	0.7432709391677896	-0.018874043794636138	0.022310461384667964
5,9,12	-0.001974992211168494	0.0052318787062750225	0.7058107210737301	-0.022511845595364056	0.018561861173027067
5,9,13	0.0004576332706695274	0.005250236045407806	0.9305414839187457	-0.020151278737867182	0.021066545279206237
5,9,14	-0.002722620926564931	0.005190863443606965	0.5999329782377829	-0.023098475846687175	0.017653233993557314
5,9,15	0.003947626664267345	0.005190813072740505	0.4469602607742297	-0.016428030533553333	0.024323283862088024
5,10,11	0.021667909528090265	0.005490457496816604	7.949491732290439e-05	0.00011604891460900019	0.04321977014157153
5,10,12	-0.0238557102630865	0.0054555840522901205	1.2312738281366183e-05	-0.0452706810789539	-0.0024407394472190994
5,10,13	0.04615036219031575	0.0054967437205141485	4.8239419184701594e-17	0.024573826070832812	0.0677268983097987
5,10,14	-0.035581554337989395	0.0052529303232901935	1.2790177888684568e-11	-0.05620104227784128	-0.014962066398137512
5,10,15	0.009373422752956426	0.005252795765492129	0.07435855115295015	-0.011245537003058314	0.029992382508971165
5,11,12	0.05029992679699516	0.005455137662843766	3.1419497620257245e-20	0.02888670820726424	0.07171314538672607
5,11,13	-0.039847847750226095	0.005497228200612725	4.3097728624405437e-13	-0.06142628561424682	-0.01826940988620537
5,11,14	0.05293036769075313	0.005253014327440984	7.688719556406954e-24	0.032310550006840785	0.07355018537466547
5,11,15	0.026858314666358046	0.005252771519338297	3.1875777129569506e-07	0.006239450084511964	0.04747717924820413
5,12,13	0.01742105469755277	0.005468573666941483	0.0014456968479465814	-0.004044904649698637	0.03888701404480418
5,12,14	-0.04806958767866509	0.005237674264750435	4.6822550908239585e-20	-0.06862919054567002	-0.02750998481166017
5,12,15	0.043033505218090656	0.005237415240767236	2.178409881567084e-16	0.02247491910584336	0.06359209133033795
5,13,14	0.1595457288445205	0.005261317174820193	5.869990201522099e-199	0.1388933197400361	0.1801981379490049
5,13,15	-0.018528144136688088	0.005261319460703829	0.0004296290722383428	-0.03918056221402138	0.0021242739406452035
5,14,15	-0.053532630411535054	0.005200799880945412	8.326745579858108e-25	-0.07394748913282267	-0.03311777169024743
6,7,8	0.002172503203287334	0.005187754816535622	0.6753834331998303	-0.01819114932798485	0.02253615573455952
6,7,9	0.004741762974981953	0.0051859437514881965	0.36054084897416117	-0.015614780527309188	0.025098306477273093
6,7,10	-0.002676783844162034	0.005245277439829558	0.609829227163404	-0.02326623168667586	0.017912663998351792
6,7,11	0.009082027211317642	0.005245139764475412	0.08337068770030398	-0.011506880209920875	0.029670934632556156
6,7,12	0.0015691670622400844	0.005231706245401224	0.7642295239696224	-0.018967009356016747	0.022105343480496916
6,7,13	-0.04121490205556213	0.005248883171793013	4.227255634399904e-15	-0.06181850358795171	-0.020611300523172546
6,7,14	0.05284214847050603	0.00518989178592949	2.6223739635352793e-24	0.032470107627961306	0.07321418931305075
6,7,15	0.0016675396931187317	0.005189819849750688	0.7479779285362785	-0.0187042187761448	0.022039298162382263
6,8,9	-0.004684174230215402	0.005187254241064493	0.36652464518149996	-0.025045861837292006	0.015677513376861203
6,8,10	0.0043133502944872615	0.005246466355968832	0.4110015914241205	-0.016280764436884115	0.02490746502585864
6,8,11	-0.00019985937289382708	0.005246208946576959	0.9696114269346379	-0.02079296368731225	0.020393244941524596
6,8,12	0.010346833199115613	0.005232911212882006	0.04802130687763523	-0.010194073114820158	0.030887739513051383
6,8,13	-0.0016317310867391133	0.005251712808936783	0.7560274107788681	-0.022246439880289466	0.01898297770681124
6,8,14	-0.02208165182962135	0.00519276960210174	2.1215125775696894e-05	-0.0424649890519398	-0.0016983146073029018
6,8,15	0.008135852136621477	0.005192605280411255	0.1171685591531109	-0.012246840068743256	0.02851854434198621
6,9,10	-0.004657642597134644	0.005244120880392695	0.37445938842384185	-0.02524255056154379	0.015927265367274502
6,9,11	0.013069469424215184	0.005244043438277573	0.012699047439663063	-0.0075151345542926636	0.03365407340272303
6,9,12	-0.00954997830064705	0.005230433256485709	0.06788311273985466	-0.030081157816608292	0.010981201215314193
6,9,13	0.0004684699394529729	0.005247615240944518	0.9288656149806689	-0.02013015454522608	0.021067094424132026
6,9,14	-0.0011745602491113893	0.005188869023516101	0.8209218129263853	-0.021542586411096822	0.019193465912874044
6,9,15	-0.0002918558601049462	0.00518878560270043	0.9551450740792544	-0.02065955456781309	0.020075842847603196
6,10,11	0.003616849211203893	0.005480533694075153	0.5092944193500584	-0.017896057196081724	0.02512975561848951
6,10,12	-0.008646529477413512	0.005448757035838686	0.11255020369071692	-0.0300347019969545	0.012741643042127476
6,10,13	0.009811511200319811	0.005486214432833207	0.0737226847569401	-0.011723693984429462	0.031346716385069084
6,10,14	0.010793441111393007	0.005249479448213835	0.03978182919320028	-0.009812501003054828	0.03139938322584084
6,10,15	-0.01139203525009333	0.0052493765531940895	0.03000191414006038	-0.031997573467575445	0.009213502967388786
6,11,12	0.0035890758749477503	0.005447719816805756	0.5100153863852923	-0.017795025217023436	0.024973176966918937
6,11,13	0.009731238644285767	0.005486906967243329	0.07614980613252054	-0.011806684966949033	0.031269162255520566
6,11,14	-0.02214993237183177	0.005249293779025955	2.4545795038695356e-05	-0.04275514567334194	-0.0015447190703216027
6,11,15	-0.01014982267153186	0.0052491531994238805	0.05317039113383084	-0.030754484151633562	0.01045483880856984
6,12,13	-0.009166380074114078	0.00546080284587033	0.09324493904560394	-0.03060183637992042	0.012269076231692263
6,12,14	0.007690546424854644	0.005235002020918171	0.14182634228440247	-0.012858567001765471	0.02823965985147476
6,12,15	-0.01006428430433303	0.005234876636343327	0.05454678898534782	-0.030612905555049467	0.010484336946383406
6,13,14	-0.08308192019671129	0.0052566334624382085	4.848325478522759e-56	-0.10371594418183747	-0.062447896211585106
6,13,15	-0.004138132360493679	0.005256619483390179	0.43115753777864496	-0.0247721014732354	0.01649583675224804
6,14,15	0.02063184642527363	0.005196964018057716	7.204724509269078e-05	0.00023204473381202573	0.041031648116735236
7,8,9	0.00110752333360941	0.005187895686907525	0.8309523415275669	-0.019256682160438937	0.021471728827657757
7,8,10	0.011063237344811822	0.005247524137686315	0.035015325044948795	-0.009535029529463477	0.03166150421908712
7,8,11	0.0053616450075076455	0.005247234167387962	0.30688196856210587	-0.015235483637493354	0.025958773652508645
7,8,12	0.032685210436243284	0.005234211685653251	4.3080525592072594e-10	0.012139199336793055	0.05323122153569351
7,8,13	-0.08384162707542477	0.0052531993033382695	4.1840884657253216e-57	-0.10446217085088003	-0.0632210832999695
7,8,14	0.10224268089677852	0.005194320168455493	1.0482107915142937e-85	0.08185325718896275	0.12263210460459428
7,8,15	-0.018156915539560267	0.005194082539114088	0.00047352137248758404	-0.03854540647365971	0.002231575394539175
7,9,10	0.004858700114889369	0.00524480325658111	0.3542541372431469	-0.015728886401627173	0.025446286631405912
7,9,11	-0.00858505277770448	0.005244698444214504	0.1016617045240598	-0.029172227871035072	0.012002122315626113
7,9,12	-0.005648447643715505	0.005231190103615781	0.280256301216233	-0.02618259803484744	0.014885702747416428
7,9,13	0.005921999481146412	0.005248494122138086	0.25919240027627466	-0.014680074902742417	0.02652407386503524
7,9,14	-0.010893947624671671	0.005189865705717798	0.03581817801269348	-0.031265886093764364	0.00947799084442102
7,9,15	-0.00782906159559952	0.005189786179347666	0.13142395980724733	-0.028200687897401024	0.012542564706201985
7,10,11	-0.12089563450996783	0.005484653184000674	8.077817311879587e-107	-0.14242471127695935	-0.09936655774297631
7,10,12	-0.15577954494045101	0.005452316125714713	3.784036467491852e-177	-0.1771816880642565	-0.13437740181664554
7,10,13	0.21779999798477584	0.0054903983114492835	0.0	0.19624836969342577	0.2393516262761259
7,10,14	-0.08303230001054976	0.005250834787568626	4.274423716588054e-56	-0.1036435622799893	-0.06242103774111022
7,10,15	0.031660841321348686	0.005250679943792661	1.6603766843923263e-09	0.01105018686491533	0.05227149577778204
7,11,12	0.038761084795198984	0.00545145490423332	1.1846283877155303e-12	0.01736232225039537	0.0601598473400026
7,11,13	0.08223875548877954	0.005490671787461993	1.5653097166815777e-50	0.06068605371367871	0.10379145726388037
7,11,14	-0.0311460423675715	0.0052505386286801885	3.0262356120142056e-09	-0.05175614211547495	-0.010535942619668053
7,11,15	-0.012512015631936657	0.005250279826897741	0.017173110951003556	-0.033121099497293874	0.008097068233420563
7,12,13	0.23102930873312494	0.005464962520638164	0.0	0.20957752432882304	0.25248109313742684
7,12,14	-0.22945357467150995	0.005236626695486774	0.0	-0.25000906548286805	-0.20889808386015185
7,12,15	0.0059899144601734955	0.0052363454945305	0.2526696505674891	-0.014564472544476792	0.026544301464823783
7,13,14	0.2389575050471221	0.0052585962793613725	0.0	0.21831577635673916	0.25959923373750504
7,13,15	0.04382990970364395	0.005258631356960187	8.089477001287628e-17	0.023188043322090315	0.06447177608519758
7,14,15	-0.044577469593378674	0.0051989897990269	1.0448206133647021e-17	-0.06498522314479123	-0.024169716041966122
8,9,10	-0.015536724508486748	0.005246732356095295	0.0030666562167245342	-0.036131883378284116	0.005058434361310621
8,9,11	0.0023135908790722637	0.005246514537993221	0.6592330392951969	-0.018280712982672004	0.02290789474081653
8,9,12	-0.012144163614909317	0.005233305488455405	0.020317697355017417	-0.03268661759080334	0.008398290360984703
8,9,13	0.0038150406479809107	0.005252177596665534	0.4676157754443959	-0.01680149259104611	0.02443157388700793
8,9,14	0.008561500309658326	0.005193159418138958	0.09923788672220774	-0.011823367069464703	0.028946367688781355
8,9,15	0.001702876536461874	0.005193126423845746	0.7429822448416843	-0.01868186132915363	0.022087614402077377
8,10,11	0.056819130134022955	0.005487727391205251	4.434024993192739e-25	0.03527798608753635	0.07836027418050956
8,10,12	-0.05612881398347167	0.005453477411405012	8.400803198946883e-25	-0.07753551553748889	-0.034722112429454464
8,10,13	-0.00666705620788513	0.005495345108355276	0.2250557928885096	-0.028238102312315987	0.014903989896545726
8,10,14	0.0673741790289166	0.005255513655607883	1.5986477677317658e-37	0.04674455065576541	0.08800380740206779
8,10,15	-0.028479179107759003	0.005255035272707904	6.026068818273961e-08	-0.0491069296698924	-0.007851428545625604
8,11,12	0.01549629204608037	0.005452436942643681	0.004484994176900701	-0.005906325324108827	0.03689890941626957
8,11,13	-0.013705287495209016	0.005495700773431231	0.012643052582262865	-0.035277729702632474	0.007867154712214441
8,11,14	-0.01723346479334832	0.00525496124374849	0.0010412328211951802	-0.03786092476734483	0.003393995180648191
8,11,15	-0.04463984779553187	0.00525455223596515	2.061992230976754e-17	-0.0652657022787762	-0.024013993312287537
8,12,13	-0.024833793389869012	0.005467976354861777	5.6026771580398725e-06	-0.0462974080897587	-0.003370178689979325
8,12,14	0.06318738288736048	0.005240146014899544	2.0977323700613913e-33	0.04261807758395279	0.08375668819076816
8,12,15	-0.08404027864085004	0.005239690567502589	1.188006166854037e-57	-0.10460779616267092	-0.06347276111902915
8,13,14	-0.17631929783586628	0.005265136602230493	2.192002472971058e-241	-0.19698669945549496	-0.1556518962162376
8,13,15	0.01693117284967602	0.005264675170023165	0.0013013161519172317	-0.0037344174960067915	0.03759676319535883
8,14,15	0.0867269238417052	0.005204155462691894	4.509097062620311e-62	0.06629889335283368	0.10715495433057673
9,10,11	0.03537826615313472	0.005480807344457037	1.0992901847001243e-10	0.013864285577641695	0.05689224672862774
9,10,12	-0.01695362621135063	0.005448950730878388	0.0018640631876681694	-0.03834255904795074	0.004435306625249474
9,10,13	-0.004258370893381477	0.005486395545306304	0.4376552949028395	-0.025794287004456618	0.017277545217693663
9,10,14	-0.002900714536378475	0.005249558132303599	0.5805664493381555	-0.023506965511888633	0.017705536439131683
9,10,15	0.015476313898818858	0.005249487187862353	0.0031992263942988057	-0.005129658596307846	0.03608228639394556
9,11,12	0.008830892092221515	0.005448111929525622	0.10504781239650397	-0.012554748171792845	0.030216532356235875
9,11,13	-0.02172945251124847	0.005487154074511956	7.510560232900412e-05	-0.04326834610019698	-0.00019055892229995902
9,11,14	0.0020382337764667524	0.005249444301976715	0.6978144971702984	-0.018567570377382367	0.022644037930315872
9,11,15	-0.005139643941631092	0.005249386105192286	0.327541353555742	-0.02574521965386366	0.015465931770601477
9,12,13	-0.012495875191153534	0.005461160477877233	0.022136609224835565	-0.03393273532080664	0.008940984938499572
9,12,14	-0.008352742211038156	0.00523525234353426	0.11061548043919106	-0.02890283823667365	0.012197353814597339
9,12,15	0.01132155720062649	0.00523513035621604	0.030578952079473837	-0.00922805998446058	0.03187117438571356
9,13,14	0.009107927830863699	0.005257118407393055	0.08319594607717148	-0.011527999723514794	0.029743855385242192
9,13,15	0.005733711976489919	0.0052573403469512205	0.2754530208349702	-0.014903086764019233	0.02637051071699907
9,14,15	0.006429816850902714	0.0051974234477002	0.2160537003192824	-0.01397178825377578	0.02683142195558121
10,11,12	0.04310459617192315	0.0065079421807943145	3.57045381160629e-11	0.017558771831711645	0.06865042051213466
10,11,13	-0.10402640801222338	0.0065986636702741715	9.146676156955891e-56	-0.12992834418775115	-0.0781244718366956
10,11,14	0.07540166273690904	0.005493380213905276	9.588456185081368e-43	0.05383832949271454	0.09696499598110354
10,11,15	0.030318730005901434	0.005492461018371216	3.4170267249569566e-08	0.008759004908029548	0.05187845510377332
10,12,13	-0.2577813497855136	0.006543737396393161	0.0	-0.2834676821795008	-0.23209501739152638
10,12,14	0.1465842934290044	0.005452982391897476	2.7422040759367603e-157	0.12517953499018908	0.1679890518678197
10,12,15	0.010796675046853235	0.005451762911888606	0.047667716064916016	-0.010603296529813108	0.03219664662351958
10,13,14	0.11624593263646182	0.005504443320752552	2.829755004407605e-98	0.09463917304084528	0.13785269223207836
10,13,15	0.030341192008660957	0.005504235419491215	3.570382689074298e-08	0.00873524849421949	0.05194713552310243
10,14,15	-0.050064020454019156	0.005263046294410949	1.999191394274315e-21	-0.07072321692447908	-0.029404823983559227
11,12,13	-0.13130663992848385	0.006540476835078883	4.6574804199007165e-89	-0.15698017354149374	-0.10563310631547397
11,12,14	-0.08411882915681257	0.005451927302451106	1.6792712364803587e-53	-0.10551944602077806	-0.06271821229284708
11,12,15	0.07901121304405195	0.005450711905758335	1.875647288512899e-47	0.05761536701386997	0.10040705907423395
11,13,14	0.07316510139237598	0.005505240605371076	3.4413157400220786e-40	0.05155521219107946	0.09477499059367249
11,13,15	-0.018375951368157575	0.005505008625150219	0.0008447434841563861	-0.0399849299704033	0.0032330272340881545
11,14,15	0.030626623525892113	0.005262927513624974	5.969502313426576e-09	0.009967893309281592	0.051285353742502635
12,13,14	-0.1401608855391254	0.005469518886882584	2.8252381734266317e-143	-0.16163055518709973	-0.11869121589115104
12,13,15	0.026675489661039976	0.005468873402415773	1.078871494068527e-06	0.005208353752970719	0.04814262556910923
12,14,15	-0.22210328461508422	0.005244263521224636	0.0	-0.2426887524919104	-0.20151781673825803
13,14,15	-0.40504409029587435	0.005274337311564208	0.0	-0.42574760774104586	-0.38434057285070283
