Params: 	121
Performance: 	0.947573486011093
Term	Coefficient	Standard Error	p-value	95% CI lower	95% CI upper
Intercept	8.816153756146178
1	0.0047121247808784295	0.007258546961854164	0.5162250784971665	-0.02092422960287958	0.030348479164636438
2	-0.01922438670567117	0.007261970434121703	0.008118695701794963	-0.044872832400367144	0.006424058989024803
3	0.0158727027173705	0.007263086686680063	0.028867655613414585	-0.009779685453184382	0.04152509088792538
4	0.11773919200097918	0.007257433937791056	6.133171930971501e-59	0.09210676869040557	0.1433716153115528
5	-0.4221681353801294	0.007277160293079077	0.0	-0.4478702299124394	-0.39646604084781933
6	0.1548834886219666	0.00726243942216675	3.5244241874257637e-100	0.12923338651534855	0.18053359072858466
7	-0.35480380821434954	0.007272852644408082	0.0	-0.38049068862619295	-0.3291169278025061
8	0.3887182241233981	0.00725443753782269	0.0	0.3630963837534417	0.41434006449335453
9	-0.0014907394553805436	0.007257121387350942	0.8372473624398783	-0.02712205887368925	0.024140579962928163
10	-0.08615680142412702	0.0078011844264148636	2.653090521916177e-28	-0.11370968902265786	-0.05860391382559617
11	-0.272842756922679	0.007321455541728373	3.146836314838524e-297	-0.29870129718687694	-0.24698421665848108
12	-0.5851512224705203	0.007317401862261437	0.0	-0.6109954456043175	-0.5593069993367231
13	-0.11880176591196401	0.00731569970670462	4.733701321722689e-59	-0.14463997722778993	-0.09296355459613809
14	0.672629264307522	0.007255502345205686	0.0	0.6470036631601588	0.6982548654548852
15	-0.6928039261118204	0.00729725894596988	0.0	-0.7185770067782496	-0.6670308454453912
1,2	0.0162825030496681	0.0037016855031213208	1.0928700344381803e-05	0.0032085749103375073	0.029356431188998694
1,3	-0.004778924520028281	0.0037017048487521355	0.19671134778893135	-0.017852920985905487	0.008295071945848925
1,4	-0.015378972836944477	0.0037025273172845456	3.281234297097725e-05	-0.028455874167235617	-0.0023020715066533366
1,5	-0.005206892297581853	0.003702321859406584	0.15961992629680857	-0.01828306797424038	0.007869283379076674
1,6	0.0008781641958284497	0.003701744254418986	0.8124800966207326	-0.012195971446339193	0.013952299837996092
1,7	0.0059107441690102736	0.0037020321368583147	0.11036055717723589	-0.00716440824087607	0.018985896578896617
1,8	-0.008674639602297383	0.0037027998373908104	0.01914997001272142	-0.02175250344231087	0.0044032242377161045
1,9	0.005041441032599313	0.003701772820082872	0.17323988704551682	-0.008032795500213033	0.01811567756541166
1,10	0.009236435628197124	0.0037435261175584682	0.01361878491755677	-0.00398526875684517	0.022458140013239418
1,11	0.007472709306229848	0.0037434715058668167	0.04592136323847466	-0.005748802196588493	0.02069422080904819
1,12	0.002376483968755592	0.003733825331179774	0.524472129831342	-0.010810958352720496	0.01556392629023168
1,13	-0.011658045122355958	0.0037457827128068023	0.0018580119524908502	-0.02488771954269471	0.001571629297982798
1,14	-0.0027361486278528503	0.0037039026552430666	0.4600825047352637	-0.015817907493885973	0.010345610238180274
1,15	-0.006267441701471144	0.0037039020804318016	0.09063366842527575	-0.019349198537336885	0.0068143151343945975
2,3	-0.04445178907014792	0.0037017294311101783	3.8202879162269235e-33	-0.057525872358090986	-0.031377705782204855
2,4	-0.01869000538213736	0.00370258004496773	4.4944185573867423e-07	-0.031767092940550884	-0.005612917823723834
2,5	0.014322284815861328	0.0037023193761708847	0.00010975328932085112	0.0012461179097061452	0.02739845172201651
2,6	-0.0005169051655418977	0.0037017324411251808	0.888946379952813	-0.013590999084512318	0.012557188753428523
2,7	0.0017937606248289995	0.003702043893134919	0.628011509172282	-0.011281433306876358	0.014868954556534357
2,8	0.004429494089193839	0.0037027564089647204	0.23160084337551567	-0.008648216366605505	0.01750720454499318
2,9	-0.004580218449295981	0.0037017703693662664	0.21598354174386317	-0.017654446326458687	0.008494009427866725
2,10	-0.0014993345948222936	0.003743416149771196	0.688772146621649	-0.01472065058626734	0.011721981396622753
2,11	-0.005808772494111075	0.0037433308887081353	0.12072876825286127	-0.019029787353271762	0.0074122423650496115
2,12	-0.001384333062685636	0.0037337159618926656	0.7108147995197948	-0.01457138910439833	0.011802722979027059
2,13	0.009504925323827226	0.0037456948842320807	0.011167806480883285	-0.0037244388960708044	0.022734289543725257
2,14	0.0080399152583992	0.003703929789404393	0.0299658072398885	-0.005041939442375963	0.021121769959174364
2,15	0.0004704803871634078	0.0037039134997014405	0.8989234282115359	-0.012611316780251444	0.01355227755457826
3,4	-0.011086920358794102	0.0037026106752393994	0.0027525092546995798	-0.024164116099809944	0.001990275382221742
3,5	0.00767361938444918	0.0037023397550734597	0.03821420590665626	-0.005402619497649825	0.020749858266548186
3,6	-0.003510526722814593	0.0037017350742048856	0.34296077745797693	-0.016584629941520178	0.009563576495890994
3,7	0.00628118496886567	0.003702029928359781	0.08976620715380074	-0.006793959640857449	0.01935632957858879
3,8	-0.007654109028190061	0.0037028024597382694	0.03873205634972457	-0.020731982130033653	0.005423764073653532
3,9	0.0033407183591271997	0.003701776032941189	0.3668178096347371	-0.009733529521131795	0.016414966239386194
3,10	0.010278886910664115	0.003743467393903016	0.006039560357573851	-0.002942610069170251	0.02350038389049848
3,11	0.01291308355909851	0.003743361684013604	0.0005621930967680157	-0.0003080400655449244	0.026134207183741945
3,12	-0.0029605637416396206	0.0037337521888042894	0.4278311350074826	-0.016147747732644303	0.01022662024936506
3,13	-0.005485926214863879	0.0037457723391015815	0.14305010309903568	-0.01871556399646699	0.0077437115667392305
3,14	0.003503540366232548	0.003703963509465174	0.34421248957315176	-0.00957843342992528	0.016585514162390378
3,15	-0.005292896675483716	0.0037039412988826865	0.15301732136112745	-0.0183747920264146	0.007788998675447169
4,5	0.004786305115699774	0.003703412249285613	0.19622712662048558	-0.008293721692804033	0.01786633192420358
4,6	-0.009497990541167817	0.0037025992583975846	0.010315751216309413	-0.022575145959209345	0.003579164876873712
4,7	0.026882650680086884	0.003702974041541897	3.9716697146648837e-13	0.013804171571015298	0.03996112978915847
4,8	0.013605132917746118	0.0037041885864864867	0.00024022226123126023	0.0005223641753941896	0.026687901660098046
4,9	-0.005286423932694184	0.0037026980775854614	0.1533821930172633	-0.01836392836876007	0.007791080503371701
4,10	-0.00868352826056562	0.0037446671141947558	0.020406810340322476	-0.02190926251470875	0.004542205993577509
4,11	-0.009568492387889552	0.0037446248903693557	0.0106156863552814	-0.022794077512329855	0.00365709273655075
4,12	-0.0029022858342871195	0.0037351108768659885	0.43714831823987377	-0.016094268555510084	0.010289696886935847
4,13	0.028955029716301567	0.0037483898774281926	1.1561598294110112e-14	0.015716147089895948	0.04219391234270718
4,14	-0.029251526938735922	0.0037062867025975184	3.0638063628550243e-15	-0.042341705986269226	-0.016161347891202618
4,15	-0.009777140110104603	0.0037063130940242646	0.008344686449266182	-0.022867412369126695	0.0033131321489174893
5,6	0.00926471061795587	0.003702343224222518	0.01234099805605051	-0.0038115405167792552	0.022340961752690992
5,7	-0.04348386771901426	0.003702678140229917	8.900464240399565e-32	-0.056561301738629735	-0.030406433699398785
5,8	0.03150628413101328	0.0037036384058343947	1.868512365334929e-17	0.018425458563548314	0.04458710969847825
5,9	0.0005556039819212613	0.0037023923612161066	0.8807133818577626	-0.012520820699032908	0.01363202866287543
5,10	0.0329112664376175	0.003744668375028154	1.589569705443485e-18	0.019685527730355586	0.04613700514487941
5,11	0.016883006996440325	0.003744654521171889	6.55135622191863e-06	0.003657317219407926	0.030108696773472724
5,12	0.0004091316074336937	0.003734699209023472	0.9127679897899206	-0.012781397150240561	0.013599660365107949
5,13	0.008447840731567846	0.0037474654590606148	0.024185618769933692	-0.0047877769553127374	0.02168345841844843
5,14	0.21445123005341993	0.0037053369744611685	0.0	0.20136440533660868	0.22753805477023117
5,15	-0.009528046193044495	0.0037053008314976332	0.010131703540018999	-0.022614743257058756	0.003558650870969767
6,7	0.025144059138571165	0.0037021228371054886	1.1279713915860847e-11	0.012068586385826745	0.038219531891315585
6,8	-0.010108805239928922	0.003702846288342071	0.006336920220355441	-0.023186833139368385	0.0029692226595105405
6,9	0.005945363930289327	0.0037018099469697573	0.10826909750066165	-0.007129003730424285	0.01901973159100294
6,10	0.009216046724376481	0.003743506616395846	0.01382681125817779	-0.004005588784798715	0.02243768223355168
6,11	0.017619429369347663	0.0037434444791374193	2.5282125609220233e-06	0.0043980133218341246	0.0308408454168612
6,12	0.006363270080996738	0.0037338071259775314	0.0883482099308119	-0.006824107941795499	0.019550648103788974
6,13	-0.03766349411123706	0.003745835862895411	9.539613444838868e-24	-0.050893356251585656	-0.024433631970888464
6,14	-0.06125843376585827	0.0037040222346368806	3.6102837720079906e-61	-0.07434061497257927	-0.048176252559137274
6,15	0.008401289334405163	0.00370400310261373	0.023326192100871095	-0.004680824300206958	0.021483402969017282
7,8	0.05614405640405733	0.003703312714593941	1.0014043568411062e-51	0.043064381140655125	0.06922373166745953
7,9	0.00039992166200158996	0.0037020643924606206	0.913975259351081	-0.012675344670968248	0.013475187994971428
7,10	0.19210821350801055	0.0037440075124745295	0.0	0.1788848088914024	0.2053316181246187
7,11	0.018997242004668277	0.0037438909277776053	3.914380328967053e-07	0.005774249151822473	0.03222023485751408
7,12	0.011227678344746327	0.0037343521041234198	0.0026440996855281876	-0.0019616244782783565	0.02441698116777101
7,13	0.16584197785679927	0.003746464328443226	0.0	0.15260989604830133	0.1790740596652972
7,14	-0.15803821328481973	0.003704730083674543	0.0	-0.17112289453306076	-0.1449535320365787
7,15	-0.031575317066110165	0.0037046671733157186	1.6242785395194006e-17	-0.0446597761221877	-0.018490858010032626
8,9	-0.01365479177236003	0.00370299349259858	0.00022686379757314937	-0.026733339580330293	-0.0005762439643897683
8,10	-0.022056692667162786	0.0037450790334346323	3.914287027266194e-09	-0.03528388177276123	-0.008829503561564336
8,11	0.00772707701408927	0.0037449404996264027	0.03908907388602924	-0.005499622806006094	0.020953776834184635
8,12	0.002518097809596699	0.0037354950933844496	0.5002527999421764	-0.0106752419202506	0.015711437539443998
8,13	-0.061268379377211885	0.0037487009931222648	8.685097426620766e-60	-0.07450836082852413	-0.04802839792589964
8,14	-0.20628988263280304	0.003706794469535606	0.0	-0.21938185505485575	-0.19319791021075033
8,15	0.011982011184770418	0.003706678191212269	0.0012282352759956606	-0.0011095505555962712	0.025073572925137108
9,10	0.022216126285039897	0.0037435206749268394	2.9785355895657173e-09	0.008994441122747549	0.03543781144733225
9,11	0.008231619835036362	0.0037434713519312176	0.027890671439277093	-0.00498989112409912	0.021453130794171844
9,12	-0.007725352600427483	0.0037338454968341905	0.03855390987051905	-0.02091286614467939	0.00546216094382442
9,13	0.009173322154291175	0.003745940488882679	0.014336147550261209	-0.004056909513030442	0.02240355382161279
9,14	0.017359263052405743	0.003704136028802887	2.791901398469157e-06	0.004276679937757186	0.0304418461670543
9,15	-0.00392297976043704	0.003704127362722268	0.28957027058447016	-0.01700553226748396	0.00915957274660988
10,11	-0.08494610434533878	0.003910963129430554	8.279861834113639e-104	-0.09875917702983115	-0.0711330316608464
10,12	-0.13654158855625376	0.003888550454579106	8.833077488768908e-265	-0.1502755022467768	-0.12280767486573073
10,13	0.10508734166451303	0.003914868576167554	7.044824635496987e-157	0.09126047539060078	0.11891420793842528
10,14	0.0865656355819589	0.003747164410715645	4.6183198042847245e-117	0.07333108116326392	0.09980019000065388
10,15	0.017112922585880555	0.003747094420298973	4.967420682674793e-06	0.003878615365300396	0.030347229806460714
11,12	0.050535223578431654	0.0038879765863548744	1.5971348048021373e-38	0.03680333672458039	0.06426711043228292
11,13	-0.06306203326046134	0.003915226563248512	3.988752829098778e-58	-0.07689016390363654	-0.04923390261728614
11,14	0.30760200211068767	0.0037470206338534847	0.0	0.2943679554953602	0.3208360487260151
11,15	0.010336415202856268	0.0037469360191549166	0.005807887912500351	-0.0028973325630719943	0.02357016296878453
12,13	0.3096109850664269	0.0038968090010039268	0.0	0.29584790313824505	0.3233740669946088
12,14	0.2837598890751431	0.003736967036423957	0.0	0.2705613506115008	0.29695842753878543
12,15	0.1283675922814447	0.003736864309380967	1.020970992705512e-253	0.11516941663792224	0.14156576792496717
13,14	0.14276076150391934	0.0037521632319890163	1.919006176949824e-309	0.1295085518224922	0.15601297118534646
13,15	0.324858032738738	0.00375220101221266	0.0	0.31160568962189916	0.3381103758555768
14,15	0.23402145526813248	0.003709650971566061	0.0	0.22091939400891505	0.2471235165273499
