Params: 	576
Performance: 	0.9746739101900629
Term	Coefficient	Standard Error	p-value	95% CI lower	95% CI upper
Intercept	8.693149557931974
1	0.00017816504815654222	0.0006857200975181868	0.7950030112953806	-0.002513513007842146	0.0028698431041552304
2	-0.0151502706944414	0.0006853681172079725	2.0605938014296733e-107	-0.017840567111371063	-0.012459974277511738
3	-0.0024839957483887842	0.0006854673498323966	0.00029079086935864174	-0.00517468168617188	0.00020669018939431126
4	0.047346027490598325	0.0006866284194243616	0.0	0.044650783970860884	0.050041271010335765
5	-0.14040224464462708	0.0006868756042807591	0.0	-0.14309845844663588	-0.1377060308426183
6	0.06717505593856538	0.0006854754388452093	0.0	0.06448433824873306	0.06986577362839769
7	-0.10288356868818083	0.0006860454491112576	0.0	-0.1055765238567313	-0.10019061351963035
8	0.1431120535745713	0.0006867927943340579	0.0	0.14041616482897715	0.14580794232016545
9	0.008112016217620296	0.0006855472694075	3.116516402276746e-32	0.005421016569086518	0.010803015866154075
10	0.010530648773486632	0.0008227032096279715	2.05663175340297e-37	0.0073012667209990025	0.013760030825974262
11	-0.05773720433992976	0.0008229514248203868	0.0	-0.060967560719098216	-0.0545068479607613
12	-0.12691795002488956	0.0008180831310556964	0.0	-0.13012919674175702	-0.1237067033080221
13	0.1759009718151792	0.0008234871042580724	0.0	0.17266851271714237	0.179133430913216
14	0.5407926842317257	0.0006879860327689355	0.0	0.5380921116308349	0.5434932568326164
15	-0.17856625875155469	0.0006878823003327374	0.0	-0.1812664241683433	-0.17586609333476608
1,2	0.003925467157973345	0.0006558670094157702	2.1865203520199334e-09	0.0013509723410832916	0.006499961974863398
1,3	-0.0013175294477674043	0.0006558897200771245	0.044570893409532304	-0.0038921134115105626	0.001257054515975754
1,4	-0.003649956813869891	0.0006563576652685083	2.706476123292101e-08	-0.006226377617174288	-0.0010735360105654937
1,5	-0.001652637191337545	0.0006562387894521306	0.011795899881381182	-0.004228591367766791	0.0009233169850917013
1,6	0.00011030056201087948	0.0006559058125994898	0.8664544243457012	-0.0024643465702021443	0.0026849476942239032
1,7	0.0017393381607163413	0.0006560609820240542	0.008025268234087288	-0.0008359180627812656	0.004314594384213949
1,8	-0.0017599233868047012	0.0006564389226779072	0.007343941502889536	-0.004336663152301628	0.0008168163786922257
1,9	0.00135555216845822	0.0006559244590535559	0.03877780440296489	-0.0012191681572508288	0.003930272494167268
1,10	0.0021088521992933887	0.0006859650812322865	0.002111986768835474	-0.0005837874987655307	0.0048014918973523085
1,11	0.001887013194513315	0.0006861329311094648	0.00595921102120256	-0.0008062853697983772	0.004580311758825007
1,12	0.0005376881170211616	0.0006828567056987267	0.43104823554719507	-0.0021427501795566466	0.0032181264135989697
1,13	-0.0027015959532656654	0.0006857131876882953	8.17241011184278e-05	-0.005393246885897899	-9.94502063343108e-06
1,14	-0.0002371823425427414	0.0006570285939670497	0.7181076754568668	-0.0028162367627726738	0.002341872077687191
1,15	-0.0018540076330519177	0.0006570524109693079	0.004780084084489318	-0.004433155542888718	0.0007251402767848819
2,3	-0.010954457332399579	0.0006559158604583171	2.4787250867859806e-62	-0.013529143905779945	-0.008379770759019214
2,4	-0.004635296570793129	0.0006563690377731303	1.6768962567423941e-12	-0.007211762014937489	-0.002058831126648769
2,5	0.003640593493741417	0.0006562073643904303	2.915259542424626e-08	0.0010647626710672863	0.006216424316415547
2,6	-8.688376381787294e-05	0.0006558901364976469	0.8946158607961361	-0.0026614693621492343	0.0024877018345134884
2,7	0.0005049104570316806	0.000656058304373393	0.44153609049593723	-0.0020703352558019508	0.003080156169865312
2,8	0.0011217048411124551	0.0006563974797215808	0.0874835174024031	-0.0014548722470814099	0.00369828192930632
2,9	-0.001193909073241177	0.000655916313292259	0.06873622560156993	-0.0037685974241444533	0.0013807792776620994
2,10	-0.0004452766158334516	0.0006856033793419596	0.5160417274740036	-0.0031364965144078144	0.0022459432827409112
2,11	-0.0013329783507452266	0.000685748836691024	0.051925510060536674	-0.004024769217497389	0.001358812516006936
2,12	-0.0001523364361130028	0.0006824537705457759	0.8233668390384158	-0.002831193079020292	0.0025265202067942865
2,13	0.0024228352421550303	0.0006853628022050616	0.00040821875267070486	-0.0002674403116312671	0.005113110795941327
2,14	0.0017058784640304157	0.0006570529482753091	0.00942917960391242	-0.0008732715549100516	0.0042850284829708835
2,15	0.00025366994005719505	0.0006570513564839491	0.6994451943587712	-0.002325473830575998	0.002832813710690388
3,4	-0.0028273714821101005	0.0006564345465239798	1.658900355875425e-05	-0.005404094069756271	-0.00025064889446393
3,5	0.0020054376903561634	0.0006562187080155687	0.002244718719363844	-0.0005704376597964107	0.004581313040508737
3,6	-0.0007946030008630228	0.0006558919473033695	0.22571934831401652	-0.0033691957072054294	0.0017799897054793837
3,7	0.001743018630952893	0.0006560398430928111	0.007890977470012717	-0.0008321546152518506	0.004318191877157637
3,8	-0.0018055888924480845	0.0006564452557058545	0.005953031764455445	-0.004382353517173165	0.0007711757322769958
3,9	0.0008647662908682387	0.000655929511499277	0.18738562845213644	-0.001709973867360414	0.0034395064490968913
3,10	0.0024377013919610023	0.0006857011604335581	0.00037849401646053085	-0.0002539023297206313	0.005129305113642636
3,11	0.0032375491517441374	0.0006858620494263421	2.364415663119649e-06	0.0005453138875819844	0.005929784415906291
3,12	-0.0006260694763934906	0.0006825528640114276	0.3590207257131981	-0.003305315093910031	0.0020531761411230498
3,13	-0.0012258138261510426	0.0006854635270907883	0.07373793019537278	-0.0039164847584096715	0.0014648571061075858
3,14	0.0009405418794486576	0.0006570812692559346	0.15232796188051986	-0.0016387193087026145	0.0035198030675999297
3,15	-0.001363098715828813	0.0006570745715922587	0.0380418243422193	-0.003942333613436162	0.0012161361817785358
4,5	0.0015555335371424533	0.0006568400784391248	0.01788086493797127	-0.0010227808973242397	0.004133847971609147
4,6	-0.0022852087165949036	0.0006563979997801017	0.0004994447440744609	-0.004861787846190375	0.00029137041300056777
4,7	0.005902677850799204	0.0006565621866137726	2.6083846276666437e-19	0.0033254542336075906	0.008479901467990818
4,8	0.003414664899552177	0.0006571806896825118	2.0504076050232814e-07	0.0008350134533619408	0.005994316345742413
4,9	-0.0014498840887539211	0.0006564265005130377	0.027199407817531607	-0.004026575093147435	0.001126806915639593
4,10	-0.002389146185833503	0.0006867650741058147	0.0005043079783764406	-0.005084926120368536	0.0003066337487015302
4,11	-0.0026485118324890145	0.0006869172214101691	0.00011566557629405951	-0.0053448889954878075	4.7865330509778634e-05
4,12	-0.0004548954536477273	0.0006832506987663554	0.5055561387874128	-0.003136880303255248	0.0022270893959597934
4,13	0.007304477666407731	0.00068663928859199	2.2119627476414032e-26	0.004609191481594414	0.009999763851221049
4,14	-0.007753828547739212	0.0006580530965701515	5.627130850408535e-32	-0.010336904479348296	-0.0051707526161301285
4,15	-0.0021311692059232737	0.0006580448753574883	0.0012023350851097696	-0.0047142128665550315	0.0004518744547084841
5,6	0.0023872507588661024	0.0006562123787502535	0.00027530885610636813	-0.00018859974682789273	0.004963101264560097
5,7	-0.010506323292911464	0.0006563902238044532	2.0092827537994968e-57	-0.01308287189923207	-0.007929774686590858
5,8	0.007921873636752626	0.0006568604314089911	2.0505351001181338e-33	0.005343479310151282	0.01050026796335397
5,9	7.608424318287371e-05	0.0006562680148575876	0.9077050673542825	-0.00249998465262361	0.0026521531389893573
5,10	0.008012230033437033	0.0006870807005268396	2.3524180943129656e-31	0.005315211160865268	0.010709248906008797
5,11	0.004977961633183783	0.0006872165151721282	4.4733797235056603e-13	0.0022804096432340534	0.007675513623133512
5,12	0.0007357119639320019	0.0006835953360886462	0.2818291044268774	-0.00194762570108963	0.003419049628953634
5,13	0.002162562787573971	0.0006868619696906407	0.0016429093830302576	-0.0005335974941615357	0.004858723069309478
5,14	0.05156826555838809	0.0006576491798962011	0.0	0.0489867751332439	0.05414975598353228
5,15	-0.002433007940194326	0.0006576588799451389	0.00021641475407892694	-0.005014536441237066	0.0001485205608484138
6,7	0.006352837254620436	0.0006560974866881682	3.8482902141553336e-22	0.0037774377382491144	0.008928236770991757
6,8	-0.00242129042789916	0.0006564552040100662	0.00022604171275645101	-0.004998094103006806	0.00015551324720848624
6,9	0.0014179544827857826	0.0006559355163288279	0.0306470572828898	-0.0011568092463838274	0.003992718211955393
6,10	0.0021982962754241546	0.0006857463224040056	0.0013487708390811396	-0.0004934847219203323	0.0048900772727686415
6,11	0.0046255058773474935	0.0006859277006231542	1.575167623654364e-11	0.0019330129105360398	0.007317998844158947
6,12	0.0015511510810296263	0.0006826245509570742	0.023073436584398744	-0.0011283759314455813	0.004230678093504834
6,13	-0.009098089327357402	0.0006854711983204359	4.331660023362772e-40	-0.011788790371728216	-0.006407388282986587
6,14	-0.014254991969959685	0.0006570762120026719	1.4669899855661171e-103	-0.016834233306720164	-0.011675750633199207
6,15	0.001939457205450041	0.0006570743566878701	0.0031632178269441896	-0.0006397768485865434	0.004518691259486625
7,8	0.013798883187364053	0.0006566491149996405	2.4868212281890074e-97	0.011221318347522657	0.016376448027205448
7,9	0.00021534126178465382	0.0006560515864856575	0.7427337956439868	-0.002359878081118935	0.0027905606046882427
7,10	0.052662073552763713	0.0006862711758941456	0.0	0.04996823233197363	0.055355914773553797
7,11	0.0003156483771620776	0.0006863988795597752	0.6456190387786708	-0.0023786941227296253	0.0030099908770537804
7,12	-0.0010070651024259684	0.0006831610787810245	0.14045840680613356	-0.0036886981639660736	0.0016745679591141367
7,13	0.03641321057786441	0.0006860218499707687	0.0	0.03372034804374134	0.03910607311198748
7,14	-0.040810551098826656	0.0006573318084387311	0.0	-0.04339079573608922	-0.03823030646156409
7,15	-0.007319622175913507	0.0006573287808399111	9.615638883013444e-29	-0.009899854928849896	-0.004739389422977119
8,9	-0.0035553494908004933	0.0006565165796974228	6.159890489600309e-08	-0.006132394085769505	-0.0009783048958314816
8,10	-0.00616438130550173	0.0006869078811275531	3.0204528188795183e-19	-0.00886072180480371	-0.0034680408061997497
8,11	0.0018690961191523553	0.0006870343116310824	0.006521559720730916	-0.00082774066166914	0.004565932899973851
8,12	-6.311313004155744e-06	0.0006835252850506144	0.9926329201619194	-0.0026893740045452782	0.0026767513785369667
8,13	-0.014503129283732461	0.0006867793456154818	2.8873447695411436e-98	-0.01719896523866056	-0.01180729332880436
8,14	-0.049117608808618776	0.0006581277058124983	0.0	-0.05170097760616708	-0.046534240011070475
8,15	0.0028702530580473895	0.0006580835734350373	1.295881462698797e-05	0.00028705749466912496	0.005453448621425654
9,10	0.0050147695128133635	0.0006857795558907716	2.6880449851148435e-13	0.0023228580630475807	0.007706680962579146
9,11	0.002477663841246848	0.0006859572218919165	0.0003043676847062127	-0.00021494500630311712	0.005170272688796813
9,12	-0.0014800079743164983	0.0006826714327352849	0.030169226390096733	-0.004159719013268533	0.0011997030646355364
9,13	0.0027188008980212897	0.0006855422698070998	7.32865819281592e-05	2.7820874571762248e-05	0.0054097809214708175
9,14	0.004303403938133572	0.0006571383783624664	5.898383005620696e-11	0.001723918577861042	0.006882889298406102
9,15	-0.0009187795751033553	0.0006571656930718735	0.16209518639810536	-0.0034983721546395217	0.001660813004432811
10,11	-0.016714993455509364	0.0008247661795787948	1.0452362126214918e-90	-0.019952473346994147	-0.013477513564024579
10,12	-0.02959729730040316	0.0008178010677952103	1.0272743351933922e-280	-0.03280743682573373	-0.02638715777507259
10,13	0.030431091894749768	0.0008225753910402067	6.051451219900537e-293	0.027202211572471127	0.033659972217028405
10,14	0.01609748258896619	0.0006880476382656023	5.708224873684316e-120	0.013396668166136582	0.0187982970117958
10,15	0.004716947211073429	0.0006880242339234244	7.230482486412028e-12	0.0020162246580234617	0.007417669764123396
11,12	0.008917007817173264	0.000817657450051659	1.2231505595901169e-27	0.005707432038960752	0.012126583595385775
11,13	-0.0207322745800683	0.0008230720452479653	1.5034768385260713e-138	-0.02396310443428757	-0.01750144472584903
11,14	0.08163571157503595	0.0006882454156979437	0.0	0.07893412081040663	0.08433730233966527
11,15	0.0030283922081528365	0.0006882134274724048	1.0844293431654666e-05	0.00032692700788285916	0.005729857408422814
12,13	0.07272965692383504	0.0008181204701607099	0.0	0.06951826363863749	0.07594105020903259
12,14	0.07588215160933721	0.00068372331900669	0.0	0.07319831156905593	0.0785659916496185
12,15	0.03232921818461175	0.000683648160771336	0.0	0.029645673165248708	0.03501276320397479
13,14	0.04135020381888313	0.0006879814587737215	0.0	0.0386496491724356	0.04405075846533066
13,15	0.0807339941965819	0.0006878702677782762	0.0	0.07803387601154706	0.08343411238161676
14,15	0.06262270456861549	0.0006592975820253422	0.0	0.060034743620214756	0.06521066551701622
1,2,3	-0.0013017483957055223	0.0006481553667086159	0.04461094151566789	-0.0038459724657913387	0.001242475674380294
1,2,4	0.003290213943091272	0.0006483002456698118	3.895413122566666e-07	0.0007454211751912331	0.005835006710991311
1,2,5	-0.0013953751236144563	0.0006482695539240912	0.03136905510846115	-0.0039400474162670064	0.001149297169038094
1,2,6	-1.8071321698391596e-05	0.000648154080215121	0.9777570797537141	-0.002562290341871974	0.0025261476984751907
1,2,7	-0.00016346103254554628	0.0006482225295382059	0.8009128886268561	-0.0027079487389390054	0.002381026673847913
1,2,8	6.490158169557975e-05	0.0006483377318554738	0.9202619670349854	-0.0024800383318747034	0.002609841495265863
1,2,9	-0.0007608840374241695	0.0006481554577338959	0.2404356105572608	-0.0033051084648142996	0.0017833403899659606
1,2,10	-0.0005465996790986333	0.0006554857582285872	0.4043525372463922	-0.0031195979590517087	0.002026398600854442
1,2,11	0.00045133700651331377	0.0006554772085696188	0.49110401211760113	-0.0021216277132021155	0.003024301726228743
1,2,12	-0.000538220669141394	0.0006537726685402303	0.410370420095736	-0.0031044945057847333	0.002028053167501945
1,2,13	0.0009235781373890476	0.0006558830880308845	0.15909874400462384	-0.0016509797933803136	0.003498136068158409
1,2,14	-0.0008560365907650663	0.0006485355506378059	0.18686078857928917	-0.0034017530084474424	0.0016896798269173097
1,2,15	2.112616414983587e-05	0.0006485415352584159	0.9740138187057803	-0.002524613745146725	0.0025668660734463966
1,3,4	-0.0015617229234870696	0.0006483148456907784	0.016006900299851468	-0.004106573001295619	0.00098312715432148
1,3,5	0.00200594145510038	0.0006482751786401027	0.0019747759835213948	-0.0005387529164218347	0.004550635826622594
1,3,6	-6.8059077364728e-05	0.0006481611315655328	0.9163738738054095	-0.002612305776419588	0.002476187621690132
1,3,7	-0.0003209341292833047	0.0006482171507455219	0.6205312095593318	-0.0028654007221374533	0.002223532463570844
1,3,8	-1.3085609833927633e-05	0.0006483548749277437	0.9838976925425547	-0.0025580928156297244	0.002531921595961869
1,3,9	0.00013122000294452096	0.0006481773200186639	0.8395705426363752	-0.0024130902411401713	0.0026755302470292132
1,3,10	0.00025897125560925185	0.000655510496151826	0.6927954964289587	-0.0023141241288699614	0.002832066640088465
1,3,11	-0.00018588240632504138	0.0006554985967192402	0.7767387818319811	-0.0027589310815978514	0.0023871662689477686
1,3,12	0.0004607176951797673	0.0006537941037399595	0.481012947812992	-0.0021056402817081787	0.0030270756720677133
1,3,13	0.0009161421849813965	0.0006559085745057059	0.1624983144752715	-0.0016585157886265076	0.0034908001585893006
1,3,14	-8.866836671345829e-05	0.0006485530601905531	0.8912552482893754	-0.0026344535151783663	0.0024571167817514497
1,3,15	0.0002571147241069837	0.0006485660214573712	0.6917864771475131	-0.0022887213016146916	0.002802950749828659
1,4,5	0.00031294465894312826	0.0006484606727711342	0.6293860247727672	-0.002232477838360759	0.0028583671562470154
1,4,6	1.4756350147200614e-05	0.0006483111685418194	0.981840898237613	-0.002530079293636158	0.0025595919939305593
1,4,7	0.0029655759190732253	0.0006483865552434704	4.809376550454928e-06	0.00042044435756588214	0.0055107074805805685
1,4,8	-0.001607929605231033	0.0006486045128078503	0.013178405184975268	-0.004153916722227129	0.0009380575117650639
1,4,9	0.001207982850626059	0.0006483251629002894	0.06243889836480642	-0.0013369077256403026	0.0037528734268924206
1,4,10	0.004180105273862688	0.0006557097843332003	1.8572450997197552e-10	0.0016062276173944125	0.006753982930330963
1,4,11	0.0031864522511182714	0.0006556992729672406	1.1820674707044341e-06	0.0006126158552360495	0.005760288647000494
1,4,12	0.0010537631128027941	0.0006540272697991945	0.10714861639513802	-0.0015135101179435677	0.003621036343549156
1,4,13	-0.0015855987001756576	0.0006563665647579052	0.015710058433929825	-0.004162054436917773	0.0009908570365664581
1,4,14	0.0016531866512966426	0.0006489589455000015	0.010856508097823288	-0.0008941917311782476	0.004200565033771532
1,4,15	-0.001138561870623389	0.0006489754280369977	0.07937244591261247	-0.0036860049525044955	0.0014088812112577173
1,5,6	-7.430569529005837e-05	0.0006482682572998781	0.9087456475789575	-0.002618972898263957	0.00247036150768384
1,5,7	-0.0015009690388188314	0.0006483521072720231	0.020616837848002525	-0.004045965380651042	0.0010440273030133795
1,5,8	0.0012650374697529849	0.0006485049654069117	0.05110233008441091	-0.0012805588907878061	0.003810633830293776
1,5,9	-0.00023782778152746722	0.0006482866589432115	0.7137291211330752	-0.00278256721703434	0.0023069116539794054
1,5,10	-0.0013423937966094111	0.0006557441526422124	0.040654044175932956	-0.003916406360051428	0.0012316187668326055
1,5,11	-0.0008918652453048098	0.0006557557065684504	0.17382213808785918	-0.003465923161726603	0.0016821926711169835
1,5,12	-0.0003855537463918462	0.0006539989222876346	0.5555084624668627	-0.0029527157037847157	0.0021816082110010233
1,5,13	0.0016672991782217435	0.000656251610047805	0.01107000941900108	-0.0009087053232835311	0.004243303679727018
1,5,14	0.001454797842216254	0.0006487988113770567	0.024949695170475204	-0.0010919519608917675	0.004001547645324276
1,5,15	-0.0007343371875916799	0.0006488105666623818	0.2577189701976882	-0.003281133134080457	0.0018124587588970974
1,6,7	-0.0009330354899044178	0.0006482345794436395	0.15006231674577153	-0.0034775704961599488	0.001611499516351113
1,6,8	-8.875763320628088e-05	0.0006483578352209071	0.8911138791077795	-0.0026337764591313055	0.0024562611927187437
1,6,9	-0.00015654967606516454	0.0006481670677939674	0.8091485616888626	-0.002700819676778924	0.0023877203246485948
1,6,10	-0.0010338792386374585	0.0006555188997793074	0.11476195608317231	-0.003607007610132459	0.0015392491328575422
1,6,11	3.6251200456801497e-06	0.000655509611856373	0.9955875730551678	-0.0025694667932815657	0.002576717033372926
1,6,12	0.0007036348806299351	0.0006537982751860636	0.28183479704397396	-0.0018627394705628924	0.0032700092318227627
1,6,13	-0.00038895052243404686	0.0006559239076298817	0.5531982638547699	-0.0029636686836228944	0.0021857676387548007
1,6,14	0.0005217127293175566	0.0006485532861990233	0.4211577693054599	-0.0020240733063053066	0.0030674987649404197
1,6,15	0.0003678140429101695	0.0006485563847941203	0.5706319618003675	-0.002177984155722728	0.002913612241543067
1,7,8	-0.0006416118743689699	0.0006484603516879384	0.3224565115175183	-0.0031870331113151755	0.0019038093625772358
1,7,9	-0.00017416034448896126	0.0006482155592970881	0.7881804323039585	-0.002718620690381934	0.0023703000014040116
1,7,10	0.0028922061221399436	0.0006556248874350452	1.030772791816609e-05	0.0003186617140606444	0.005465750530219243
1,7,11	-0.00030029355100950894	0.0006556180706612953	0.6469333491100928	-0.0028738112009984713	0.0022732240989794534
1,7,12	0.0007303913082799627	0.0006539309002462651	0.26403571401103204	-0.0018365036401150059	0.0032972862566749313
1,7,13	-0.0031630861578429356	0.0006560743713581306	1.4337872893838587e-06	-0.005738394938902802	-0.000587777376783069
1,7,14	-0.0001288947295535886	0.0006486983378315396	0.8425007472234931	-0.0026752501407826855	0.0024174606816755083
1,7,15	-0.0007636477414355893	0.0006486915910830351	0.2391201820148101	-0.003309976669446585	0.0017826811865754065
1,8,9	-0.00024573127974043124	0.0006483807759157515	0.7046963334536092	-0.0027908401554760497	0.0022993775959951872
1,8,10	0.0007804841984666144	0.0006558076169143493	0.23401205747704737	-0.0017937774832224372	0.003354745880155666
1,8,11	2.5089490685166818e-05	0.0006557840315884254	0.9694816197917226	-0.0025490796108032132	0.002599258592173547
1,8,12	0.00022410587499778478	0.0006541200789873543	0.7318968342842029	-0.0023435316624913264	0.002791743412486896
1,8,13	-0.0011430191597145475	0.0006564472090869449	0.08165531620006868	-0.003719791452106122	0.0014337531326770272
1,8,14	0.0005290464001966658	0.0006490475858661972	0.4150147930194975	-0.0020186799250167093	0.003076772725410041
1,8,15	0.001562327290498395	0.00064903813226922	0.01608394298154001	-0.0009853619262218415	0.004110016507218631
1,9,10	5.933043247859961e-05	0.0006555128339342709	0.9278825982061526	-0.002513774128569493	0.0026324349935266922
1,9,11	-0.0003912071767583347	0.0006555100472389866	0.5506467000010277	-0.00296430079910626	0.0021818864455895905
1,9,12	-4.5272645977881276e-05	0.0006538107437467544	0.9447956525717923	-0.002611695940393057	0.0025211506484372945
1,9,13	-0.0008747669181149477	0.0006559399840756905	0.1823425125351912	-0.0034495481846678624	0.001700014348437967
1,9,14	0.0010150445976295393	0.0006485794594137623	0.11758712729764433	-0.0015308441765130537	0.0035609333717721322
1,9,15	-0.00024362871512444498	0.0006485834473917929	0.7071931546163672	-0.0027895331433990833	0.0023022757131501933
1,10,11	0.0006492732407573365	0.0006853338226618789	0.3434516195449495	-0.0020408885587424232	0.0033394350402570962
1,10,12	0.0011937401651191948	0.0006813628766751691	0.07978602348281531	-0.0014808343587375326	0.003868314688975922
1,10,13	0.0020951642870029423	0.0006859847685869632	0.0022582848722428523	-0.0005975526904309814	0.0047878812644368655
1,10,14	-0.0005524191400246709	0.0006561404114900745	0.3998383015183098	-0.0031279871504327978	0.002023148870383456
1,10,15	-0.0009923452609122488	0.0006561531050414739	0.13045077246670234	-0.0035679630977056283	0.0015832725758811307
1,11,12	-0.0014499580653508145	0.000681261369216942	0.03331682279524116	-0.004124134138879458	0.0012242180081778286
1,11,13	0.001509688655617944	0.0006860744333078972	0.02778096754753756	-0.0011833802854854256	0.0042027575967213135
1,11,14	-0.0014348613911907906	0.0006561253939969645	0.028759722611347908	-0.004010370452974243	0.001140647670592662
1,11,15	-9.139749325496466e-05	0.0006561395322707676	0.8892173365297757	-0.0026669620524366754	0.002484167065926746
1,12,13	0.0005433138104423592	0.0006828342127639007	0.4262275645570942	-0.0021370361939309396	0.003223663814815658
1,12,14	0.0010919680348071559	0.00065434699924126	0.09516943149633272	-0.0014765602396898253	0.003660496309304137
1,12,15	-0.001060379361918027	0.0006543649686012558	0.10514176433097489	-0.003628978172092985	0.001508219448256931
1,13,14	-0.0024086606198696087	0.0006570306422357876	0.0002468224810789806	-0.004987723080231418	0.0001704018404922003
1,13,15	0.0013461961882235696	0.0006570602967139212	0.040488781323316916	-0.0012329826757675674	0.0039253750522147066
1,14,15	0.0008645770351136395	0.0006495617081710341	0.18319393867812048	-0.0016851673900956923	0.0034143214603229713
2,3,4	-0.0030534924382110418	0.0006483401866858371	2.491911448029483e-06	-0.005598441987801976	-0.0005085428886201079
2,3,5	-0.0010394058544593576	0.000648276919276881	0.1088710598298206	-0.003584107058556316	0.0015052953496376008
2,3,6	-0.0011482391406807462	0.0006481710501956295	0.07648676694307231	-0.003692524773637461	0.0013960464922759684
2,3,7	0.0007884724721617213	0.0006482585065550374	0.22388286320577397	-0.0017561564559154482	0.003333101400238891
2,3,8	0.00013456230243176492	0.0006483715758745762	0.8355904617383811	-0.0024105104601010534	0.0026796350649645833
2,3,9	0.00015382832987435868	0.0006481858225129031	0.8124091393308338	-0.0023905152893108268	0.002698171949059544
2,3,10	0.002050724508138556	0.0006555260628789854	0.0017595159817256714	-0.0005224319808905318	0.004623880997167644
2,3,11	0.000861430936426752	0.000655515103780949	0.1888131671961364	-0.001711682534519878	0.003434544407373382
2,3,12	5.346447789542595e-05	0.0006538064916056175	0.934826852986947	-0.0025129421254601893	0.0026198710812510412
2,3,13	-0.002272639394465377	0.0006559366359831593	0.0005315232322733305	-0.004847407518648353	0.00030212872971759975
2,3,14	0.0034505086866445794	0.0006485681812113273	1.0440498709890926e-07	0.0009046641831746928	0.005996353190114466
2,3,15	-0.0018347359050864126	0.0006485657965146393	0.004673769078420246	-0.004380571047833508	0.0007110992376606826
2,4,5	-0.0015601931322409765	0.0006484833405324969	0.016138257864431488	-0.00410570460800132	0.0009853183435193672
2,4,6	0.0004637967817795914	0.0006483318766600808	0.47438643131058844	-0.0020811201482132673	0.00300871371177245
2,4,7	-0.002343297420675655	0.0006484108322376734	0.00030211263117365826	-0.004888524277410305	0.0002019294360589949
2,4,8	0.0013028387756190557	0.0006485959965357623	0.04457732032304205	-0.0012431149121939367	0.003848792463432048
2,4,9	-0.0017611466925283002	0.0006483380149295322	0.0066033849498896915	-0.004306087717257837	0.0007837943322012357
2,4,10	-0.0014568777049120598	0.000655713567560232	0.026302944664287065	-0.004030770211797027	0.0011170148019729073
2,4,11	-0.002190627305449687	0.0006556962722302519	0.0008360465093240652	-0.004764451922447297	0.00038319731154792336
2,4,12	0.0004459355452862586	0.0006540210961416621	0.4953475605843207	-0.0021213134518135095	0.0030131845423860266
2,4,13	-0.00040253164708106345	0.0006563756494965801	0.5397063883562815	-0.0029790230444255504	0.0021739597502634235
2,4,14	-0.00282082728629204	0.0006489996004303067	1.388336449438844e-05	-0.005368365252807367	-0.00027328931977671283
2,4,15	0.00127497445824791	0.0006490016690340134	0.04947952048385737	-0.0012725716282207685	0.0038225205447165885
2,5,6	-0.0002836816863878641	0.0006482767899395113	0.6616841853396158	-0.0028283823827928924	0.002261019010017164
2,5,7	0.0017365679844252961	0.0006483648243592616	0.0074019657983931545	-0.000808478276178116	0.004281614245028709
2,5,8	-0.0008637582654366458	0.0006485044978563171	0.18289558650119697	-0.0034093527906867986	0.001681836259813507
2,5,9	-0.00026163505936404804	0.0006482890593981604	0.6865261276547463	-0.0028063839174500946	0.0022831137987219985
2,5,10	-0.00013837847647163448	0.0006557238977555249	0.8328640425933055	-0.0027123115327878995	0.0024355545798446306
2,5,11	0.0008093124358097394	0.0006557111800994971	0.21711898925462603	-0.0017645706995026386	0.0033831955711221173
2,5,12	0.0008931062558569652	0.0006539413036480358	0.1720345264398318	-0.0016738295293289261	0.0034600420410428566
2,5,13	-8.511939041954547e-06	0.0006562196074079406	0.9896508772867461	-0.0025843908196068934	0.0025673669415229843
2,5,14	-0.003200949145265003	0.0006488181282699748	8.12013050629094e-07	-0.0057477747735631655	-0.0006541235169668404
2,5,15	0.0007700800402518047	0.0006488168391983221	0.23527694661008944	-0.0017767405280140025	0.003316900608517612
2,6,7	0.0001297705048595027	0.0006482443429493837	0.8413352016052625	-0.0024148028263835217	0.002674343836102527
2,6,8	0.0006800222562890756	0.0006483485557277454	0.2942543482095762	-0.001864960144557838	0.0032250046571359894
2,6,9	-0.00022742785179015457	0.0006481792533801537	0.7256869768529967	-0.002771745684957791	0.002316889981377482
2,6,10	0.0003829932343931558	0.0006554981575479712	0.5590376358619523	-0.00219005371698725	0.0029560401857735615
2,6,11	0.0012268398091590353	0.0006554805458076378	0.06126280564242625	-0.0013461380103187833	0.003799817628636854
2,6,12	-0.00047221512614033234	0.0006537811014059054	0.4701260360890185	-0.003038522064569034	0.002094091812288369
2,6,13	-0.00019871406644546286	0.0006559104515588041	0.7619231180389364	-0.0027733794081072605	0.002375951275216335
2,6,14	0.0009949305587401563	0.0006485646632075901	0.12502800666314579	-0.0015509001354021422	0.003540761252882455
2,6,15	-0.001036347632685293	0.0006485602506713171	0.11007131769725019	-0.0035821610061641017	0.0015094657407935157
2,7,8	-0.0007553854652022282	0.0006484535567114238	0.24406761408538374	-0.0033007800296194507	0.0017900090992149943
2,7,9	-0.0003191058625242882	0.0006482299991364557	0.6225302835919027	-0.002863622889560046	0.0022254111645114696
2,7,10	-0.0013789597727160274	0.0006556320775391991	0.035452080179606556	-0.003952532404330908	0.0011946128588988534
2,7,11	0.00031563456918071164	0.000655586961604189	0.6301978345420978	-0.0022577609674756254	0.0028890301058370487
2,7,12	-0.001354156966085096	0.0006539103124055801	0.038380444712960385	-0.003920971100399811	0.0012126571682296193
2,7,13	0.0013519157966154563	0.0006560658648830201	0.039346034371365475	-0.0012233595937176812	0.003927191186948594
2,7,14	-0.0031672613158017088	0.000648729643134338	1.0542439105903206e-06	-0.005713739610692643	-0.0006207830209107742
2,7,15	0.0013183880505481804	0.000648713994813757	0.04213112681040806	-0.001228028819511728	0.003864804920608089
2,8,9	2.9692961532080953e-05	0.0006483775372174784	0.9634733216627811	-0.002515403201242224	0.002574789124306386
2,8,10	-0.0002201987895454026	0.0006557802514553243	0.7370381089757152	-0.0027943530527617913	0.002353955473670986
2,8,11	-0.00037403032666336565	0.000655734544968166	0.5684114161058346	-0.0029480051768088146	0.0021999445234820833
2,8,12	-0.0008499171166840734	0.0006540725502881971	0.19380876306882883	-0.0034173680883177945	0.0017175338549496478
2,8,13	0.0001240932411585953	0.0006564041561842443	0.8500548758217997	-0.0024525100543582113	0.002700696536675402
2,8,14	0.00017403929971109879	0.0006490526947361016	0.78859067611799	-0.002373707079505451	0.0027217856789276485
2,8,15	-0.0009427733571039584	0.0006490293585489215	0.14634825233453153	-0.0034904281340717622	0.0016048814198638454
2,9,10	0.0002400076261065802	0.0006555109099103417	0.7142645095768492	-0.0023330893825115806	0.002813104634724741
2,9,11	0.0009224631954957881	0.0006554956495078891	0.15935605218021096	-0.0016505739109982315	0.0034955003019898076
2,9,12	0.0006589747618995154	0.0006537847284431461	0.3134922092906232	-0.001907346413849318	0.0032252959376483487
2,9,13	0.00116171328875175	0.0006559327409470781	0.07655663634883975	-0.0014130395461270555	0.0037364661236305554
2,9,14	-0.0006084379259272202	0.000648584168021668	0.3481997492602301	-0.0031543451829123314	0.001937469331057891
2,9,15	3.131690993570142e-05	0.0006485889894728911	0.961489690213392	-0.0025146092728392504	0.0025772430927106533
2,10,11	-0.00014867819395408127	0.0006849272323352446	0.8281540982270188	-0.0028372439920183513	0.0025398876041101887
2,10,12	0.0015335102033848733	0.0006809606559584094	0.024330755436757598	-0.0011394854711995511	0.004206505877969297
2,10,13	-0.0004659510903497373	0.0006856247163680558	0.49676256302738375	-0.003157254743804745	0.0022253525631052706
2,10,14	-0.00024559890098585155	0.000656154491523892	0.7081834872915744	-0.002821222180181041	0.002330024378209338
2,10,15	-0.00018211753512871378	0.0006561442921822825	0.78135426274983	-0.0027577007785365678	0.00239346570827914
2,11,12	0.0003506200425569955	0.0006808563385270721	0.6065783690749103	-0.002321966151626016	0.003023206236740007
2,11,13	-0.0009608076320104936	0.000685685965440655	0.1611540393085952	-0.0036523517083220905	0.0017307364443011034
2,11,14	0.0005999410126564138	0.000656125353160879	0.3605301294162322	-0.0019755678888319045	0.003175449914144732
2,11,15	0.0002038705790027833	0.0006561082786825388	0.7560103203518459	-0.00237157129951387	0.0027793124575194368
2,12,13	4.075510115056358e-05	0.000682425501248836	0.9523782845954178	-0.002637990575421472	0.002719500777722599
2,12,14	-0.0005817778360896007	0.0006543510931556358	0.37396122353779726	-0.0031503221805538007	0.0019867665083745994
2,12,15	1.4529416099536008e-05	0.0006543292100888626	0.9822845341462969	-0.0025539290300938614	0.0025829878622929334
2,13,14	0.0019042483507732237	0.0006570530781866128	0.003756267860473666	-0.0006749021781120544	0.004483398879658502
2,13,15	-0.0013132468943793316	0.0006570539277024232	0.04565102149003517	-0.0038924007578949836	0.0012659069691363205
2,14,15	0.0002049791947863061	0.0006495870909999019	0.7523439832429218	-0.0023448648664169394	0.0027548232559895516
3,4,5	-0.002112755649303962	0.0006484996082593378	0.0011236034992204232	-0.0046583309812696545	0.0004328196826617302
3,4,6	0.00031182057549671537	0.0006483328340801335	0.6305502006566124	-0.0022331001126863373	0.002856741263679768
3,4,7	0.0023151177545581705	0.0006484204828692969	0.00035700366985888705	-0.00023014698409573727	0.004860382493212079
3,4,8	-0.001035530360281138	0.0006486316450986567	0.11039128385002882	-0.0035816239804875635	0.0015105632599252874
3,4,9	0.0005056541814987044	0.0006483551404550011	0.4354541182411983	-0.002039354066579351	0.00305066242957676
3,4,10	0.002070816260922934	0.0006557772423363984	0.0015912092291706214	-0.0005033261905069693	0.0046449587123528376
3,4,11	0.002680669873475529	0.0006557576586379234	4.3644303836370876e-05	0.00010660429453577354	0.005254735452415284
3,4,12	0.0005462728747673007	0.0006540859752434561	0.4036287968057277	-0.0020212307942535966	0.003113776543788198
3,4,13	-0.0004790379366379407	0.0006564423956962999	0.4655495956285727	-0.003055791334880108	0.0020977154616042266
3,4,14	0.0021717196533807895	0.0006490078947453361	0.0008202432625011767	-0.00037585087106281655	0.004719290177824395
3,4,15	-0.0026999443198392065	0.000649021163768077	3.1910485753903095e-05	-0.005247566929583309	-0.00015232171009510378
3,5,6	0.00039372495409683433	0.0006482738846437014	0.5436275849059813	-0.0021509643380617587	0.0029384142462554274
3,5,7	-0.0008443424745637855	0.0006483478000826406	0.19282438625970275	-0.003389321909253875	0.0017006369601263041
3,5,8	-0.0016031562770955424	0.0006485207124938033	0.013440743887819006	-0.004148814450157776	0.000942501895966692
3,5,9	-0.00034677619947333545	0.0006482930965916102	0.5927185010975297	-0.0028915409048782172	0.0021979885059315463
3,5,10	0.00015856811258726372	0.0006557214208240803	0.8089194653313536	-0.002415355220954301	0.0027324914461288284
3,5,11	-0.0009204954649336128	0.0006557227988932292	0.16039257360120926	-0.0034944242078521247	0.0016534332779848991
3,5,12	0.00040944534192983995	0.0006539648265823096	0.5312561959477098	-0.0021575827785488724	0.0029764734624085523
3,5,13	-0.00016890361459334776	0.0006562323632138136	0.796884245482433	-0.0027448325659129276	0.002407025336726232
3,5,14	-0.0005120295482976371	0.0006488357937354578	0.4300299241316211	-0.003058924519387358	0.0020348654227920837
3,5,15	5.9936963459002266e-05	0.0006488271564897149	0.9263988194476737	-0.0024869241035860297	0.002606798030504034
3,6,7	-0.0005002813024220093	0.000648247281684351	0.44027187095146747	-0.0030448661691712155	0.002044303564327197
3,6,8	-0.001025710565961721	0.0006483615050692921	0.11365925885325162	-0.0035707437972547704	0.0015193226653313283
3,6,9	5.640573924797429e-05	0.0006481683168804551	0.9306535852675533	-0.00248786916454315	0.0026006806430390987
3,6,10	-0.00020124526463667983	0.000655501960422082	0.7588383641842518	-0.0027743071435550573	0.0023718166142816977
3,6,11	0.0006936340712386697	0.000655486069143193	0.2899737553425233	-0.0018793654291570099	0.0032666335716343494
3,6,12	-0.0001288176987881591	0.0006537818571478088	0.8438017448142006	-0.0026951276037536515	0.0024374922061773333
3,6,13	8.023179885288667e-05	0.0006559144261644619	0.9026460011099714	-0.0024944491444499725	0.002654912742155746
3,6,14	-0.00019795590412030606	0.0006485666348956419	0.7602002707255372	-0.0027437943377899734	0.0023478825295493613
3,6,15	-6.667069340736062e-05	0.0006485714123284617	0.918125393317962	-0.002612527880080085	0.002479186493265364
3,7,8	-0.0002150133256008202	0.0006484525787566549	0.7402094345369827	-0.0027604040512222996	0.002330377400020659
3,7,9	0.0003020990867934753	0.000648226010141053	0.641190460067145	-0.002242402282116715	0.0028466004557036657
3,7,10	-1.4171169249939039e-05	0.0006556109350054281	0.98275504397965	-0.002587660809430843	0.002559318470930965
3,7,11	3.814997583993611e-05	0.000655579546580928	0.9535954872983308	-0.002535216454398974	0.0026115164060788463
3,7,12	-0.0006165835817801227	0.0006538940023390028	0.3457186447613978	-0.0031833336936920283	0.0019501665301317828
3,7,13	-0.0011853839768342991	0.0006560532274908985	0.0707971442311974	-0.0037606097612259133	0.001389841807557315
3,7,14	0.0002830356101566414	0.0006487171920452978	0.6626219121973811	-0.002263393810093949	0.002829465030407232
3,7,15	-0.00043480080796257613	0.0006487097627885599	0.5027006003788332	-0.002981201065924638	0.0021115994499994856
3,8,9	0.0007388553230503296	0.0006483943052911289	0.25449740305511526	-0.0018063066599559472	0.0032840173060566065
3,8,10	0.00014822447891964935	0.0006557995918433788	0.8211866401914107	-0.0024260057017130568	0.0027224546595523555
3,8,11	-1.7062215262736435e-06	0.0006557549426892695	0.9979239884410838	-0.002575761139469772	0.0025723486964172246
3,8,12	-0.00039727180537808826	0.0006540976916048164	0.5436176444365982	-0.002964821464990312	0.0021702778542341357
3,8,13	-0.000698501073693486	0.0006564510059017946	0.28731165998232455	-0.0032752882698384297	0.0018782861224514577
3,8,14	0.0012477947484953802	0.0006490935328642546	0.05456936951221268	-0.0013001119338737176	0.003795701430864478
3,8,15	4.1855103031368524e-07	0.0006490607845258686	0.999485483356231	-0.0025473595832852516	0.002548196685345879
3,9,10	-0.0001758605614780584	0.0006555132151680853	0.7884862744034076	-0.0027489666189948942	0.0023972454960387774
3,9,11	-0.00043874675219791187	0.000655506915457531	0.5032937777840815	-0.0030118280812683747	0.002134334576872551
3,9,12	0.00014186117290897887	0.0006537990813883299	0.8282255996231871	-0.002424516342894244	0.002708238688712202
3,9,13	0.000329880471459508	0.0006559467365712269	0.6150330959007559	-0.0022449273008705076	0.0029046882437895236
3,9,14	0.00017605028249906632	0.0006485970835464995	0.7860603450617698	-0.0023699076721903946	0.0027220082371885272
3,9,15	-0.00045557344848884754	0.0006486046332846969	0.4824414349175755	-0.0030015610383963926	0.0020904141414186976
3,10,11	0.0002896837692211822	0.0006850317376832608	0.672388482681038	-0.002399292246879584	0.0029786597853219484
3,10,12	0.0002433735804304553	0.0006810515749957796	0.7208325567103766	-0.0024299789814300568	0.0029167261422909673
3,10,13	0.00021619868139820947	0.0006857230458543306	0.7525469401083232	-0.002475490947794452	0.002907888310590871
3,10,14	-0.00019390149084120428	0.0006561757567424679	0.767612204208981	-0.0027696082430487844	0.002381805261366376
3,10,15	-0.0014695675543377577	0.0006561626008699885	0.025121702869763184	-0.00404522266539702	0.0011060875567215048
3,11,12	-0.00030383841800265404	0.0006809413372086392	0.6554534906623164	-0.0029767582601081793	0.002369081424102871
3,11,13	0.0004270210348481865	0.0006857982198831861	0.5335109089736695	-0.002264963677257436	0.003119005746953809
3,11,14	-0.000993289666380806	0.0006561439794154764	0.1300798805051828	-0.0035688716820755574	0.0015822923493139453
3,11,15	-0.0006580451878379703	0.000656127231696497	0.3159060980067978	-0.0032335614631995623	0.0019174710875236216
3,12,13	-0.00011411315424544183	0.0006825264779666956	0.8672198988977463	-0.0027932551978141758	0.002565028889323292
3,12,14	-0.0009443359742356272	0.0006543752651990331	0.1489998031654941	-0.003512975201960529	0.0016243032534892744
3,12,15	0.0005660183810177223	0.000654353297809976	0.38704343072769976	-0.0020025346174435384	0.003134571379478983
3,13,14	-0.0010035316199781576	0.000657082307154225	0.12670847623137482	-0.0035827968822233097	0.0015757336422669945
3,13,15	0.00024258219365752565	0.0006570782984830875	0.7119938890967008	-0.002336667333228296	0.002821831720543347
3,14,15	-0.001059196743305596	0.0006496045243980406	0.10300106212668071	-0.003609109236359361	0.001490715749748169
4,5,6	-0.001279635471375256	0.0006484809749417184	0.04847274393057801	-0.003825137661409819	0.001265866718659307
4,5,7	0.004843075211827433	0.0006485769544265026	8.414130019988552e-14	0.002297196270587889	0.007388954153066977
4,5,8	-0.0010161528714827534	0.0006488805256350446	0.11735709622324086	-0.003563223430065034	0.0015309176870995271
4,5,9	0.0006807945780116648	0.0006484947060578844	0.29381517114358363	-0.0018647615111928397	0.0032263506672161693
4,5,10	-0.00048594969230956846	0.0006560532309161111	0.45887097559031975	-0.0030611754901462744	0.0020892761055271375
4,5,11	-5.6844484189112754e-05	0.0006560444605912395	0.9309524465896837	-0.0026320358556015584	0.002518346887223333
4,5,12	0.0008698668846764818	0.0006542878811111144	0.1836977177604618	-0.0016984293316174505	0.003438163100970414
4,5,13	-0.002668053751463905	0.0006568447658959458	4.879448297722301e-05	-0.005246386585748117	-8.972091717969304e-05
4,5,14	-0.009875740527039642	0.0006493507150245685	4.865300382695073e-52	-0.012424656734402708	-0.007326824319676576
4,5,15	0.0014876702034194427	0.0006493570027676502	0.02197096536429088	-0.0010612706854137106	0.004036611092252596
4,6,7	-0.0006764126693938205	0.0006484344411439222	0.2968885267890357	-0.0032217321988897126	0.0018689068601020714
4,6,8	0.00012467618522889537	0.0006486311435664526	0.8475756516226177	-0.002421415466297841	0.002670767836755632
4,6,9	-0.00010030401760835472	0.0006483456089173957	0.8770528575692211	-0.0026452748512505414	0.002444666816033832
4,6,10	0.0004818523358681749	0.0006557347490845206	0.4624499665016296	-0.002092123315501439	0.003055827987237789
4,6,11	0.0006620758851612202	0.000655717009556395	0.31264840594198107	-0.0019118301326964808	0.003235981903018921
4,6,12	-0.0006984791479474756	0.0006540533402918703	0.2855635348662315	-0.0032658547139955128	0.0018688964181005616
4,6,13	0.00012732849502422507	0.0006564078204886924	0.8461946482301765	-0.0024492891840988216	0.0027039461741472717
4,6,14	0.002397176045886344	0.0006490037296947245	0.00022147566885966324	-0.0001503781293568018	0.00494473022112949
4,6,15	-0.0009465799941426444	0.0006490086348103119	0.14471294638045776	-0.003494153423585918	0.001600993435300629
4,7,8	0.0014984796374590513	0.0006487686412444773	0.020909980964749848	-0.0010481517379054865	0.004045111012823589
4,7,9	-0.0006103503143099313	0.0006484063820298322	0.3465545270716539	-0.0031555597025077335	0.0019348590738878708
4,7,10	-0.010161240444901153	0.0006558306262943475	6.21800839511908e-54	-0.012735592446012732	-0.007586888443789573
4,7,11	-0.0023188251376825147	0.000655806555458452	0.0004071026643750908	-0.0048930826528062925	0.000255432377441263
4,7,12	-0.003615749288451025	0.0006541861742743189	3.2830310254250124e-08	-0.0061836462717900845	-0.001047852305111965
4,7,13	0.004456335261817962	0.0006565609306759929	1.1632094401819289e-11	0.0018791165745972991	0.007033553949038625
4,7,14	0.0026942368098348927	0.0006491828388655554	3.331119897725514e-05	0.00014597957188948896	0.0052424940477802965
4,7,15	0.00112904983128829	0.0006491775272591102	0.0820098545486546	-0.0014191865568459997	0.0036772862194225796
4,8,9	0.0005194375141040035	0.000648666703170609	0.4232670263575409	-0.002026793720623713	0.00306566874883172
4,8,10	0.0027290407621596846	0.0006561969057874528	3.207149263146103e-05	0.00015325099295946092	0.005304830531359908
4,8,11	0.0025579596947373114	0.0006561332193147738	9.698771865617446e-05	-1.7580084005298056e-05	0.005133499473479921
4,8,12	0.0008945016906219683	0.0006545351610395145	0.17175436265651714	-0.001674765181132366	0.0034637685623763025
4,8,13	0.001092011096081669	0.0006571818788626548	0.09659203088038523	-0.001487645018033727	0.003671667210197065
4,8,14	-0.003447917295440313	0.0006497210529281133	1.1238540616926948e-07	-0.005998287201494557	-0.0008975473893860692
4,8,15	-0.0004165339944538979	0.0006496965470223502	0.5214491138206465	-0.002966807706727292	0.002133739717819496
4,9,10	-0.00035666589005218033	0.0006557344407514341	0.5865018457683666	-0.0029306403311125063	0.0022173085510081457
4,9,11	4.4022320217053726e-05	0.0006557238303329532	0.9464743164896953	-0.00252991047144333	0.0026179551118774374
4,9,12	0.000988428686086732	0.0006540535136290435	0.13073915725099317	-0.0015789475603670087	0.003555804932540473
4,9,13	0.0009517903939996611	0.0006564355681053894	0.14708655184252933	-0.001624936203691238	0.00352851699169056
4,9,14	0.0006854686860333359	0.0006490347558121982	0.29091485898190944	-0.0018622072769769607	0.0032331446490436325
4,9,15	0.00040522476904364217	0.0006490549302821297	0.5324153638170444	-0.0021425303854300556	0.00295297992351734
4,10,11	-0.002321306909335673	0.0006856153543467552	0.0007108151186590748	-0.005012573813762345	0.0003699599950909983
4,10,12	-0.0004029434800509671	0.0006813662904310947	0.5542731972393229	-0.0030775314040281617	0.0022716444439262276
4,10,13	-0.0010604873111837807	0.0006867848305306603	0.122566681536589	-0.003756344796217063	0.0016353701738495018
4,10,14	0.0012278617556319565	0.0006568187614223623	0.06157598923536301	-0.001350369002497341	0.003806092513761254
4,10,15	-0.0014789593617349078	0.0006568310280809212	0.02435110389194457	-0.004057238270553944	0.0010993195470841285
4,11,12	-7.216143801473326e-05	0.0006812500817357533	0.9156425455341456	-0.0027462932044484945	0.002601970328419028
4,11,13	-0.002626297079893255	0.0006868184512628043	0.0001316466590815933	-0.005322286537413951	6.969237762744071e-05
4,11,14	0.004648261101442848	0.0006567894789673758	1.5030030504867123e-12	0.0020701452866290493	0.007226376916256647
4,11,15	-0.0001785127923756777	0.0006567988353464151	0.785783697807398	-0.0027566653340700717	0.0023996397493187163
4,12,13	-0.0028289784604995094	0.0006832160516999902	3.472328830773771e-05	-0.005510827308918532	-0.00014712961208048717
4,12,14	-5.9869534220304e-05	0.0006548846325028926	0.9271595087992819	-0.0026305081969905018	0.0025107691285498938
4,12,15	-0.002931773425334551	0.0006548853251876301	7.606064126782091e-06	-0.005502414807121318	-0.0003611320435477831
4,13,14	-0.00022241122687027132	0.000658058248099225	0.735379841714531	-0.0028055073799338704	0.002360684926193328
4,13,15	-0.0010956045846679113	0.0006580463008862018	0.09593617009051231	-0.0036786538409710958	0.001487444671635273
4,14,15	0.0015639728413595812	0.0006504510613632753	0.01620317893958079	-0.0009892625891159694	0.0041172082718351315
5,6,7	-0.0013226190244554348	0.000648363143225591	0.04136555621477089	-0.00386765868605347	0.0012224206371426005
5,6,8	-0.000439035344781305	0.0006485215729601471	0.498424678524545	-0.0029846968954583765	0.0021066262058957665
5,6,9	-2.5683032009865547e-05	0.0006482949923650697	0.9683993186395473	-0.002570455178952247	0.0025190891149325157
5,6,10	0.0006028707138714534	0.0006557156175549829	0.35788923620981017	-0.001971029839920562	0.0031767712676634688
5,6,11	-0.001516470759629603	0.0006557174565409486	0.020746512976617216	-0.004090378532049433	0.0010574370127902273
5,6,12	-0.0011836223322648082	0.0006539594674524834	0.07031637677093225	-0.003750629416387426	0.0013833847518578096
5,6,13	-0.0002069574859694199	0.0006562280440099958	0.7524796588847387	-0.0027828694829862485	0.0023689545110474088
5,6,14	0.0007576690780780326	0.0006488269821619034	0.24291612557179662	-0.0017891913046727127	0.003304529460828778
5,6,15	-0.001629330777720879	0.0006488150322584497	0.012036013930162013	-0.0041761442531503806	0.0009174826977086225
5,7,8	0.0009256814747508578	0.0006486402921279547	0.15355849225285728	-0.0016204460879039443	0.00347180903740566
5,7,9	-0.0012936849671133267	0.000648347422631307	0.04601299075778667	-0.003838662920182161	0.0012512929859555075
5,7,10	0.004034221734378649	0.0006558442063836958	7.788277033493183e-10	0.0014598164269273117	0.006608627041829986
5,7,11	0.001853455474059646	0.0006558212299812389	0.004714116970851529	-0.0007208596434169147	0.0044277705915362064
5,7,12	0.001412161308731284	0.0006541153554188044	0.03086688122801674	-0.001155457687189835	0.003979780304652403
5,7,13	0.004642853616908855	0.0006563978188546113	1.547084573196148e-12	0.002066275197505741	0.0072194320363119695
5,7,14	-0.010553227750016152	0.0006489842689876329	3.3538290774284865e-59	-0.013100705535550986	-0.008005749964481317
5,7,15	0.0016687484337061867	0.0006489743609648719	0.010134729274174286	-0.0008786904595640922	0.004216187326976466
5,8,9	-0.0017496354322993415	0.0006485584232135436	0.006985340889082738	-0.0042954416324023	0.0007961707678036173
5,8,10	-0.0015953191298963172	0.0006560714535263871	0.015037159575237099	-0.004170616457502065	0.0009799781977094307
5,8,11	-0.005459931720803543	0.0006560519882942927	8.983733396260849e-17	-0.008035152640938847	-0.0028847108006682383
5,8,12	-0.006209833587062775	0.0006543520218249797	2.475435150566046e-21	-0.008778381576861134	-0.003641285597264417
5,8,13	-0.0013579430359685202	0.0006568724820047705	0.03871587338724654	-0.003936384665141771	0.0012204985932047305
5,8,14	0.0023472167622370765	0.0006494088565508657	0.00030155222442419956	-0.0002019276698361056	0.004896361194310259
5,8,15	-0.005975250914025069	0.0006494000752035323	3.7647999133926884e-20	-0.008524360876407185	-0.0034261409516429535
5,9,10	-0.00029545918288700814	0.0006557355993843927	0.6522979447385986	-0.002869438171964697	0.0022785198061906807
5,9,11	0.00021477609937676492	0.0006557489956138275	0.7432709391680485	-0.002359255474329745	0.002788807673083275
5,9,12	-0.0002468740263958085	0.0006539848382843778	0.7058107210740179	-0.0028139806994202537	0.0023202326466286367
5,9,13	5.7204158833550414e-05	0.0006562795056759761	0.930541483918916	-0.0025189098422335396	0.0026333181599006404
5,9,14	-0.00034032761582068055	0.0006488579304508712	0.5999329782377145	-0.0028873094808359633	0.002206654249194602
5,9,15	0.0004934533330334494	0.0006488516340925633	0.44696026077420115	-0.002053503816694136	0.0030404104827610346
5,10,11	0.0027084886910113543	0.0006863071871020749	7.949491732286877e-05	1.4506114326198749e-05	0.00540247126769651
5,10,12	-0.0029819637828854897	0.0006819480065362654	1.231273828139293e-05	-0.005658835134868916	-0.00030509243090206346
5,10,13	0.005768795273790286	0.0006870929650642683	4.8239419184213715e-17	0.0030717282588549194	0.008465862288725652
5,10,14	-0.0044476942922483595	0.0006566162904112746	1.279017788872734e-11	-0.0070251302847298466	-0.0018702582997668724
5,10,15	0.001171677844118946	0.0006565994706865164	0.07435855115310044	-0.0014056921253828973	0.0037490478136207894
5,11,12	0.0062874908496240375	0.0006818922078554705	3.1419497620409893e-20	0.0036108385259076736	0.008964143173340402
5,11,13	-0.0049809809687785915	0.0006871535250765905	4.3097728624252946e-13	-0.007678285701781182	-0.0022836762357760013
5,11,14	0.006616295961343985	0.0006566267909301233	7.688719556425764e-24	0.00403881875085494	0.00919377317183303
5,11,15	0.0033572893332945598	0.000656596439917288	3.187577712962077e-07	0.000779931260563796	0.005934647406025324
5,12,13	0.0021776318371941675	0.000683571708367685	0.0014456968479460539	-0.0005056130812122572	0.004860876755600593
5,12,14	-0.006008698459833116	0.0006547092830938044	4.6822550908253024e-20	-0.008578648818208731	-0.0034387481014575
5,12,15	0.00537918815226144	0.0006546769050959053	2.178409881564336e-16	0.0028093648882305247	0.007949011416292354
5,13,14	0.01994321610556467	0.0006576646468525234	5.86999020162064e-199	0.017361664967504124	0.02252476724362522
5,13,15	-0.002316018017085985	0.0006576649325879791	0.00042962907223841187	-0.004897570276752649	0.00026553424258067863
5,14,15	-0.006691578801441576	0.0006500999851181768	8.326745579898773e-25	-0.00924343614160253	-0.004139721461280622
6,7,8	0.00027156290041080097	0.0006484693520669527	0.6753834331999607	-0.0022738936659982218	0.0028170194668198237
6,7,9	0.0005927203718729731	0.0006482429689360248	0.36054084897397565	-0.0019518475659134203	0.0031372883096593665
6,7,10	-0.0003345979805201675	0.0006556596799786954	0.609829227163497	-0.002908278960834398	0.002239082999794063
6,7,11	0.0011352534014150775	0.0006556424705594263	0.08337068770020269	-0.0014383600262397362	0.003708866829069891
6,7,12	0.00019614588278006953	0.000653963280675153	0.7642295239695537	-0.0023708761695020344	0.0027631679350621735
6,7,13	-0.0051518627569452444	0.0006561103964741268	4.227255634401049e-15	-0.007727312948493943	-0.002576412565396546
6,7,14	0.006605268558813215	0.0006487364732411861	2.6223739635367667e-24	0.004058763453495126	0.009151773664131304
6,7,15	0.00020844246163956998	0.0006487274812188365	0.7479779285365957	-0.002338027347018373	0.002754912270297513
6,8,9	-0.0005855217787764933	0.0006484067801330625	0.36652464518185424	-0.0031307327296610722	0.0019596891721080857
6,8,10	0.0005391687868105087	0.0006558082944961034	0.41100159142446624	-0.0020350955546109112	0.0031134331282319286
6,8,11	-2.4982421611936118e-05	0.00065577611832212	0.9696114269343852	-0.0025991204609142394	0.002549155617690367
6,8,12	0.0012933541498894932	0.0006541139016102513	0.04802130687762821	-0.0012742591393524803	0.0038609674391314667
6,8,13	-0.00020396638584251926	0.0006564641011170977	0.7560274107787173	-0.0027808049850363125	0.002372872213351274
6,8,14	-0.0027602064787024	0.0006490962002627178	2.1215125775736285e-05	-0.005308123631492207	-0.00021228932591259254
6,8,15	0.0010169815170774227	0.0006490756600514077	0.11716855915320573	-0.001530855008593172	0.0035648180427480173
6,9,10	-0.000582205324642128	0.0006555151100490871	0.37445938842359794	-0.003155318820193272	0.001990908170909016
6,9,11	0.001633683678026793	0.0006555054297846969	0.01269904743966882	-0.0009393918192866888	0.0042067591753402744
6,9,12	-0.0011937472875805065	0.0006538041570607141	0.0678831127399412	-0.0037601447270756636	0.0013726501519146506
6,9,13	5.855874243176993e-05	0.000655951905118065	0.9288656149804893	-0.0025162693181531126	0.0026333868030166525
6,9,14	-0.00014682003113887163	0.0006486086279395135	0.8209218129264482	-0.002692823301387054	0.002399183239109311
6,9,15	-3.648198251335333e-05	0.0006485982003375554	0.9551450740789658	-0.0025824443209768776	0.002509480355950171
6,10,11	0.0004521061514004762	0.0006850667117593949	0.5092944193500689	-0.002237007149510229	0.0031412194523111813
6,10,12	-0.0010808161846759257	0.0006810946294798367	0.11255020369097135	-0.003754337749618553	0.0015927053802667016
6,10,13	0.0012264389000405107	0.0006857768041041503	0.07372268475681423	-0.0014654617480531458	0.003918339548134167
6,10,14	0.001349180138924308	0.0006561849310267292	0.03978182919317348	-0.001226562625381671	0.0039249229032302865
6,10,15	-0.0014240044062618414	0.0006561720691492618	0.030001914140040303	-0.0039996966834471084	0.0011516878709234256
6,11,12	0.0004486344843675563	0.0006809649771007198	0.5100153863861528	-0.0022243781521288433	0.003121647120863956
6,11,13	0.0012164048305355422	0.0006858633709054154	0.07614980613256328	-0.0014758356208688047	0.003908645281939889
6,11,14	-0.0027687415464789375	0.0006561617223782449	2.4545795038701282e-05	-0.00534439320916771	-0.00019308988379016477
6,11,15	-0.0012687278339417046	0.0006561441499279844	0.053170391133788984	-0.0038443105189544147	0.0013068548510710054
6,12,13	-0.0011457975092648304	0.0006826003557337917	0.0932449390454411	-0.0038252295474906248	0.0015336345289609639
6,12,14	0.0009613183031069103	0.0006543752526147713	0.1418263422843694	-0.001607320875220604	0.0035299574814344247
6,12,15	-0.0012580355380414528	0.0006543595795429157	0.05454678898538156	-0.0038266131943810065	0.001310542118298101
6,13,14	-0.0103852400245888	0.0006570791828047762	4.848325478535695e-56	-0.012964493022729574	-0.007805987026448026
6,13,15	-0.0005172665450616457	0.0006570774354237732	0.4311575377787027	-0.003096512684154364	0.0020619795940310724
6,14,15	0.0025789808031589697	0.0006496205022572153	7.204724509280128e-05	2.9005591726265992e-05	0.005128956014591674
7,8,9	0.00013844041670150152	0.0006484869608634416	0.8309523415271759	-0.0024070852700545458	0.002683966103457549
7,8,10	0.0013829046681015228	0.0006559405172107894	0.035015325044942924	-0.0011918786911828895	0.003957688027385935
7,8,11	0.0006702056259381538	0.0006559042709234951	0.3068819685623237	-0.0019044354546869707	0.0032448467065632784
7,8,12	0.004085651304530823	0.0006542764607066564	4.308052559189933e-10	0.0015173999170995447	0.006653902691962102
7,8,13	-0.010480203384427948	0.0006566499129172851	4.184088465742631e-57	-0.013057771356359861	-0.007902635412496035
7,8,14	0.01278033511209669	0.0006492900210569365	1.0482107915338878e-85	0.010231657148619719	0.015329013075573661
7,8,15	-0.0022696144424446812	0.000649260317389261	0.0004735213724885456	-0.004818175809207112	0.00027894692431774904
7,9,10	0.0006073375143617072	0.0006556004070726397	0.3542541372427229	-0.0019661108002028646	0.003180785828926279
7,9,11	-0.001073131597212871	0.0006555873055268127	0.1016617045241199	-0.003646528483879194	0.0015002652894534523
7,9,12	-0.0007060559554641146	0.0006538987629519727	0.2802563012164534	-0.0032728247543556068	0.0018607128434273775
7,9,13	0.0007402499351433396	0.0006560617652672606	0.2591924002762499	-0.001835009362842763	0.0033155092331294423
7,9,14	-0.001361743453083486	0.000648733213214725	0.03581817801275782	-0.003908235761720074	0.0011847488555531017
7,9,15	-0.000978632699450175	0.0006487232724184585	0.1314239598071548	-0.003525085987175364	0.001567820588275014
7,10,11	-0.01511195431374533	0.0006855816480000852	8.077817312052361e-107	-0.017803088909619274	-0.012420819717871387
7,10,12	-0.019472443117555624	0.00068153951571434	3.784036467611811e-177	-0.022147711008031312	-0.016797175227079936
7,10,13	0.027224999748097563	0.0006862997889311603	0.0	0.024531046211678804	0.029918953284516322
7,10,14	-0.010379037501318494	0.0006563543484460779	4.274423716610497e-56	-0.012955445284998436	-0.007802629717638553
7,10,15	0.003957605165168781	0.0006563349929740825	1.6603766843892512e-09	0.0013812733581146119	0.00653393697222295
7,11,12	0.004845135599399201	0.0006814318630291655	1.184628387724031e-12	0.002170290281298747	0.007519980917499655
7,11,13	0.010279844436096877	0.0006863339734327497	1.5653097167011281e-50	0.007585756714209271	0.012973932157984484
7,11,14	-0.003893255295946401	0.0006563173285850231	3.0262356120151544e-09	-0.00646951776443433	-0.0013169928274584719
7,11,15	-0.001564001953992089	0.0006562849783622184	0.01717311095100318	-0.004140137437161745	0.001012133529177566
7,12,13	0.028878663591640343	0.0006831203150797711	0.0	0.026197190541102602	0.031560136642178084
7,12,14	-0.028681696833938432	0.0006545783369358466	0.0	-0.031251133185358194	-0.02611226048251867
7,12,15	0.000748739307521798	0.0006545431868163121	0.2526696505674183	-0.0018205590680594867	0.0033180376831030826
7,13,14	0.02986968813089058	0.0006573245349201715	0.0	0.027289472044592714	0.03244990421718845
7,13,15	0.005478738712955379	0.0006573289196200238	8.089477001299868e-17	0.002898505415261173	0.008058972010649585
7,14,15	-0.005572183699171649	0.0006498737248783618	1.0448206133741502e-17	-0.008123152893098215	-0.003021214505245083
8,9,10	-0.0019420905635603274	0.0006558415445119115	0.003066656216732344	-0.004516485422284997	0.000632304295164342
8,9,11	0.00028919885988390025	0.0006558143172491531	0.6592330392953436	-0.002285089122834135	0.0028634868426019354
8,9,12	-0.0015180204518633472	0.0006541631860569259	0.02031769735504369	-0.004085827198850101	0.0010497862951234062
8,9,13	0.0004768800809978671	0.0006565221995831928	0.46761577544416033	-0.0021001865738805147	0.003053946735876249
8,9,14	0.0010701875387075918	0.00064914492726737	0.09923788672211285	-0.0014779208836827882	0.0036182959610979717
8,9,15	0.00021285956705784093	0.0006491408029807185	0.7429822448415604	-0.002335232666144098	0.0027609518002597797
8,10,11	0.007102391266752217	0.0006859659239006565	4.434024993236617e-25	0.0044097482609413916	0.009795034272563043
8,10,12	-0.00701610174793447	0.0006816846764256259	8.400803198881037e-25	-0.009691939442186619	-0.004340264053682321
8,10,13	-0.0008333820259857939	0.0006869181385444101	0.2250557928884251	-0.0035297627890396536	0.0018629987370680657
8,10,14	0.008421772378614845	0.0006569392069509855	1.5986477677232864e-37	0.005843068831970947	0.011000475925258744
8,10,15	-0.003559897388469787	0.0006568794090884873	6.026068818278302e-08	-0.00613836620873646	-0.0009814285682031147
8,11,12	0.001937036505760513	0.0006815546178304603	0.004484994176891077	-0.0007382906655131372	0.004612363677034163
8,11,13	-0.0017131609369009661	0.0006869625966789044	0.01264305258227126	-0.0044097162128289005	0.0009833943390269682
8,11,14	-0.002154183099168351	0.0006568701554685614	0.0010412328211962445	-0.004732615595917916	0.0004242493975812134
8,11,15	-0.0055799809744412135	0.0006568190294956439	2.061992230984045e-17	-0.008158212784846755	-0.003001749164035671
8,12,13	-0.0031042241737335094	0.0006834970443577223	5.60267715804445e-06	-0.005787176011219721	-0.0004212723362472981
8,12,14	0.007898422860920067	0.0006550182518624427	2.0977323700610013e-33	0.005327259697994106	0.010469586023846027
8,12,15	-0.010505034830106293	0.0006549613209378238	1.1880061668529521e-57	-0.013075974520333903	-0.007934095139878682
8,13,14	-0.022039912229483122	0.0006581420752788118	2.1920024729892664e-241	-0.024623337431936707	-0.019456487027029536
8,13,15	0.0021163966062093115	0.0006580843962528957	0.0013013161519185466	-0.0004668021870010402	0.004699595399419663
8,14,15	0.010840865480212738	0.0006505194328364879	4.5090970626700866e-62	0.008287361669103793	0.013394369291321682
9,10,11	0.004422283269141146	0.0006851009180571296	1.0992901847074676e-10	0.0017330356972045185	0.007111530841077773
9,10,12	-0.002119203276418319	0.0006811188413597984	0.0018640631876728918	-0.0047928198809933315	0.0005544133281566938
9,10,13	-0.0005322963616724817	0.0006857994431632887	0.4376552949030149	-0.003224285875556877	0.0021596931522119135
9,10,14	-0.0003625893170470292	0.0006561947665379498	0.580566449338448	-0.0029383706889857986	0.00221319205489174
9,10,15	0.0019345392373523972	0.0006561858984827951	0.0031992263942982224	-0.0006412073245384447	0.004510285799243239
9,11,12	0.0011038615115274916	0.0006810139911907027	0.10504781239656635	-0.0015693435214743034	0.0037770665445292866
9,11,13	-0.002716181563905941	0.0006858942593139945	7.510560232905802e-05	-0.005408543262524505	-2.3819865287376916e-05
9,11,14	0.0002547792220583822	0.00065618053774709	0.6978144971702558	-0.0023209462971727603	0.0028305047412895247
9,11,15	-0.0006424554927036315	0.0006561732631490363	0.3275413535559345	-0.0032181524567327048	0.0019332414713254418
9,12,13	-0.0015619843988940244	0.0006826450597346542	0.022136609224849894	-0.004241591915100663	0.0011176231173126144
9,12,14	-0.0010440927763799498	0.0006544065429417827	0.11061548043912957	-0.0036128547795843875	0.0015246692268244878
9,12,15	0.0014151946500781318	0.0006543912945270054	0.03057895207949504	-0.0011535074980577533	0.003983896798214016
9,13,14	0.001138490978858004	0.0006571398009241332	0.08319594607716077	-0.0014409999654393128	0.003717981923155321
9,13,15	0.000716713997061344	0.0006571675433689023	0.2754530208349003	-0.0018628858455022991	0.003296313839624987
9,14,15	0.0008037271063624576	0.0006496779309625248	0.21605370031950027	-0.0017464735317223533	0.0033539277444472686
10,11,12	0.005388074521489393	0.0008134927725992887	3.5704538116358824e-11	0.0021948464789629573	0.00858130256401583
10,11,13	-0.01300330100152959	0.0008248329587842701	9.146676156661868e-56	-0.016241043023470556	-0.009765558979588624
10,11,14	0.00942520784211294	0.0006866725267381599	9.588456185214511e-43	0.006729791186588625	0.012120624497637254
10,11,15	0.0037898412507382517	0.0006865576272964024	3.4170267249408113e-08	0.0010948756135042642	0.006484806887972239
10,12,13	-0.03222266872319093	0.000817967174549145	0.0	-0.03543346027243933	-0.02901187717394253
10,12,14	0.01832303667862504	0.0006816227989871847	2.7422040759912368e-157	0.01564744187377312	0.020998631483476957
10,12,15	0.001349584380857206	0.0006814703639860761	0.047667716064825234	-0.0013254120662260882	0.004024580827940501
10,13,14	0.01453074157955753	0.0006880554150940697	2.829755004426064e-98	0.01182989663010546	0.0172315865290096
10,13,15	0.0037926490010827783	0.0006880294274364026	3.570382689069773e-08	0.0010919060617775918	0.006493391940387965
10,14,15	-0.006258002556752379	0.0006578807868013697	1.999191394275062e-21	-0.008840402115559875	-0.0036756029979448834
11,12,13	-0.01641332999105846	0.0008175596043848595	4.65748042012777e-89	-0.01962252169268469	-0.013204138289432227
11,12,14	-0.010514853644600562	0.0006814909128063882	1.6792712365185325e-53	-0.013189930752596246	-0.007839776536604877
11,12,15	0.009876401630506158	0.0006813389882197923	1.8756472885265304e-47	0.007201920876733408	0.012550882384278907
11,13,14	0.009145637674047497	0.0006881550756713854	3.441315739989669e-40	0.006444401523885429	0.011846873824209564
11,13,15	-0.002296993921019605	0.000688126078143778	0.0008447434841567989	-0.004998116246300323	0.0004041284042611134
11,14,15	0.0038283279407364517	0.0006578659392031214	5.969502313429844e-09	0.0012459866636601378	0.006410669217812765
12,13,14	-0.017520110692390345	0.000683689860860323	2.825238173460731e-143	-0.020203819398387137	-0.014836401986393551
12,13,15	0.00333443620763009	0.0006836091753019718	1.0788714940677905e-06	0.0006510442191214323	0.006017828196138747
12,14,15	-0.027762910576885645	0.0006555329401530799	0.0	-0.030336094061488923	-0.025189727092282368
13,14,15	-0.050630511286984384	0.0006592921639455269	0.0	-0.05321845096763083	-0.04804257160633794
