Params: 	16
Performance: 	0.8602473505837258
Term	Coefficient	Standard Error	p-value	95% CI lower	95% CI upper
Intercept	8.30150977375225
1	0.00040456342747240224	0.0030165844192489963	0.8933140468946867	-0.008510662304754672	0.009319789159699478
2	-0.030672486362606728	0.0030165722736626	3.0136276296008144e-24	-0.03958767619971889	-0.021757296525494567
3	-0.005941163228529937	0.003016580411535075	0.04890448367934046	-0.014856377116343161	0.0029740506592832866
4	0.0904978070110903	0.0030172531459993573	8.426194372853232e-195	0.08158060492113406	0.09941500910104653
5	-0.2757507053062858	0.0030170564734640095	0.0	-0.2846673261494396	-0.266834084463132
6	0.13218760597550344	0.0030166075210811575	0.0	0.12327231196802863	0.14110289998297826
7	-0.21285565303305395	0.0030168143917454733	0.0	-0.2217715584269226	-0.20393974763918532
8	0.2795500731831885	0.00301745231098995	0.0	0.27063228248021753	0.2884678638861594
9	0.015631371554844002	0.003016639585231938	2.212595375731431e-07	0.006715982784848936	0.024546760324839066
10	0.014092181766669903	0.003050548668605184	3.861408392078353e-06	0.005076577955213922	0.023107785578125886
11	-0.10784995591355287	0.003050485068619853	2.391131162455916e-268	-0.11686537176135627	-0.09883454006574947
12	-0.23839010545278275	0.0030426651051801835	0.0	-0.24738241014916681	-0.22939780075639868
13	0.3527636130428077	0.0030524004576190453	0.0	0.34374253644664804	0.3617846896389673
14	1.1043129402893868	0.003018375386921503	0.0	1.095392421524093	1.1132334590546804
15	-0.3352245311000578	0.0030183606169431228	0.0	-0.344145006214098	-0.3263040559860176
